3570
34.41, 143.41, -126.64
33.82, 144.0, -126.64
34.41, 143.41, -126.64
30.88, 146.95, -126.64
33.13, 144.88, -126.49
32.53, 145.81, -126.22
32.04, 146.76, -125.85
31.64, 147.71, -125.39
50.56, 166.63, -82.24
54.22, 163.22, -82.24
50.68, 166.75, -82.24
86.69, 195.69, -126.64
83.15, 199.23, -126.64
55.58, 164.58, -85.4
52.05, 168.12, -85.4
57.03, 166.03, -88.51
53.49, 169.56, -88.51
58.55, 167.55, -91.58
55.02, 171.09, -91.58
60.16, 169.16, -94.6
56.63, 172.7, -94.6
61.86, 170.86, -97.57
58.33, 174.4, -97.57
63.65, 172.65, -100.48
60.12, 176.19, -100.48
65.54, 174.54, -103.34
62.01, 178.08, -103.34
67.53, 176.53, -106.14
64.0, 180.07, -106.14
69.62, 178.62, -108.88
66.08, 182.15, -108.88
71.8, 180.8, -111.57
68.27, 184.34, -111.57
74.08, 183.08, -114.2
70.54, 186.61, -114.2
76.44, 185.44, -116.78
72.91, 188.98, -116.78
81.41, 190.41, -121.8
77.88, 193.95, -121.8
46.42, 162.49, -93.52
42.15, 158.22, -104.7
40.49, 156.56, -109.25
38.6, 154.67, -113.62
36.48, 152.56, -117.78
34.16, 150.23, -121.71
50.25, 159.25, -82.24
50.23, 159.23, -82.29
49.65, 158.65, -87.87
48.76, 157.76, -93.37
47.56, 156.56, -98.75
46.06, 155.06, -103.97
44.26, 153.26, -109.01
42.19, 151.19, -113.82
39.84, 148.84, -118.38
37.25, 146.25, -122.67
34.42, 143.42, -126.64
50.56, 166.64, -82.24
48.7, 168.22, -82.24
47.38, 166.33, -86.72
46.0, 167.44, -86.72
44.39, 162.69, -95.71
43.09, 163.73, -95.71
38.24, 161.3, -104.7
34.1, 164.06, -104.7
39.03, 166.68, -95.71
41.76, 164.74, -95.71
44.58, 168.53, -86.72
47.0, 171.55, -79.1
29.76, 166.49, -104.7
34.73, 169.34, -95.71
36.19, 168.48, -95.71
38.62, 172.53, -86.72
41.66, 170.59, -86.72
40.97, 176.44, -77.71
44.2, 174.39, -77.71
43.53, 178.0, -72.32
45.28, 174.81, -75.79
25.24, 168.57, -104.7
30.22, 171.68, -95.71
33.25, 170.15, -95.71
35.47, 174.31, -86.72
37.06, 173.44, -86.72
37.63, 178.34, -77.71
39.32, 177.41, -77.71
39.72, 182.24, -68.68
41.5, 181.26, -68.68
41.76, 181.12, -68.68
20.58, 170.29, -104.7
23.95, 174.28, -95.71
27.11, 173.06, -95.71
28.91, 177.42, -86.72
32.24, 175.94, -86.72
30.67, 181.64, -77.71
34.2, 180.07, -77.71
32.36, 185.73, -68.68
36.09, 184.07, -68.68
37.62, 188.07, -59.65
39.69, 184.64, -64.26
15.79, 171.64, -104.7
19.11, 175.81, -95.71
20.73, 175.34, -95.71
22.35, 174.83, -95.71
22.1, 179.85, -86.72
23.82, 179.31, -86.72
23.42, 184.23, -77.71
25.25, 183.65, -77.71
24.7, 188.46, -68.68
26.64, 187.85, -68.68
26.05, 192.95, -58.74
28.1, 192.3, -58.74
27.36, 197.28, -48.73
29.52, 196.6, -48.73
29.42, 200.89, -39.35
31.43, 197.82, -44.68
10.91, 172.61, -104.7
14.19, 176.97, -95.71
15.83, 176.62, -95.71
17.48, 176.23, -95.71
16.86, 181.22, -86.72
18.62, 180.81, -86.72
17.85, 185.69, -77.71
19.72, 185.25, -77.71
18.81, 190.0, -68.68
20.79, 189.54, -68.68
19.83, 194.58, -58.74
21.92, 194.09, -58.74
20.82, 199.0, -48.73
23.02, 198.48, -48.73
21.77, 203.26, -38.6
24.07, 202.72, -38.6
22.69, 207.4, -28.31
25.1, 206.83, -28.31
22.89, 210.7, -20.03
25.54, 206.72, -28.31
5.97, 173.19, -104.7
9.23, 177.75, -95.71
10.88, 177.53, -95.71
12.54, 177.27, -95.71
11.57, 182.2, -86.72
13.33, 181.92, -86.72
12.23, 186.72, -77.71
14.11, 186.42, -77.71
12.87, 191.1, -68.68
14.85, 190.78, -68.68
13.55, 195.74, -58.74
15.65, 195.4, -58.74
14.21, 200.21, -48.73
16.41, 199.86, -48.73
14.84, 204.54, -38.6
17.15, 204.17, -38.6
15.46, 208.73, -28.31
17.87, 208.35, -28.31
15.93, 211.92, -20.13
18.41, 211.53, -20.13
16.38, 215.05, -11.79
18.95, 214.64, -11.79
18.24, 217.94, -3.14
20.44, 214.44, -11.61
1.0, 173.39, -104.7
4.28, 178.17, -95.71
5.93, 178.07, -95.71
7.58, 177.93, -95.71
6.27, 182.78, -86.72
8.03, 182.63, -86.72
6.6, 187.34, -77.71
8.47, 187.18, -77.71
6.92, 191.75, -68.68
8.9, 191.58, -68.68
7.25, 196.43, -58.74
9.35, 196.25, -58.74
7.58, 200.94, -48.73
9.79, 200.75, -48.73
7.9, 205.3, -38.6
10.21, 205.1, -38.6
8.2, 209.52, -28.31
10.62, 209.32, -28.31
8.43, 212.74, -20.13
10.93, 212.53, -20.13
8.66, 215.89, -11.79
11.23, 215.68, -11.79
8.89, 218.98, -3.26
11.53, 218.75, -3.26
9.1, 221.99, 5.48
11.82, 221.76, 5.48
9.29, 224.54, 13.22
12.07, 224.31, 13.22
9.47, 227.02, 21.13
12.31, 226.78, 21.13
9.64, 229.38, 29.19
13.33, 227.93, 25.3
12.53, 229.14, 29.19
13.04, 229.12, 29.3
12.87, 230.27, 33.33
9.8, 231.62, 37.38
6.86, 231.8, 37.38
6.94, 233.51, 44.14
3.96, 233.62, 44.14
4.0, 235.19, 50.95
1.0, 234.46, 47.54
1.0, 236.63, 57.79
2.64, 178.23, -95.71
1.0, 178.25, -95.71
1.0, 182.97, -86.72
2.75, 182.95, -86.72
1.0, 187.54, -77.71
2.86, 187.52, -77.71
1.0, 191.96, -68.68
2.96, 191.94, -68.68
1.0, 196.65, -58.74
3.08, 196.63, -58.74
1.0, 201.18, -48.73
3.19, 201.15, -48.73
1.0, 205.55, -38.6
3.29, 205.52, -38.6
1.0, 209.78, -28.31
3.39, 209.76, -28.31
1.0, 213.01, -20.13
3.47, 212.98, -20.13
1.0, 216.17, -11.79
3.55, 216.14, -11.79
1.0, 219.26, -3.26
3.62, 219.23, -3.26
1.0, 222.28, 5.48
3.69, 222.25, 5.48
1.0, 224.84, 13.22
3.75, 224.81, 13.22
1.0, 227.32, 21.13
3.81, 227.29, 21.13
1.0, 229.7, 29.19
3.87, 229.66, 29.19
1.0, 231.94, 37.38
3.92, 231.91, 37.38
4.04, 236.59, 57.79
1.0, 237.56, 62.93
4.06, 237.8, 64.64
1.0, 238.36, 68.05
4.09, 238.78, 71.46
1.0, 239.02, 73.16
4.1, 239.49, 78.23
1.0, 239.53, 78.23
1.0, 239.84, 82.68
4.11, 239.88, 84.16
1.0, 240.01, 87.09
4.12, 240.0, 90.0
1.0, 240.03, 91.45
4.11, 239.85, 95.74
1.0, 239.89, 95.74
1.0, 239.57, 99.98
4.1, 239.39, 101.37
1.0, 239.08, 104.14
4.08, 238.6, 106.86
1.0, 238.39, 108.21
4.06, 237.46, 112.2
1.0, 237.5, 112.2
2.23, 237.18, 113.38
1.0, 237.35, 112.79
3.7, 236.93, 114.21
5.4, 236.58, 115.25
7.12, 237.35, 112.2
7.08, 236.47, 115.39
10.2, 237.17, 112.2
10.14, 236.28, 115.39
13.29, 236.91, 112.2
13.2, 236.02, 115.39
16.27, 235.69, 115.39
16.15, 234.66, 118.5
19.19, 234.26, 118.5
19.02, 233.09, 121.54
22.03, 232.61, 121.54
19.86, 232.21, 123.26
22.07, 231.46, 124.09
7.32, 236.12, 116.47
11.39, 234.97, 118.98
13.1, 235.0, 118.5
15.58, 233.65, 121.3
25.04, 232.06, 121.54
24.33, 230.69, 124.81
24.78, 230.75, 124.5
28.86, 229.17, 125.89
27.75, 230.13, 124.5
30.71, 229.43, 124.5
31.03, 230.72, 121.54
34.0, 229.94, 121.54
34.31, 231.08, 118.5
37.31, 230.22, 118.5
37.61, 231.2, 115.39
40.28, 229.28, 118.5
40.6, 230.26, 115.39
43.58, 229.24, 115.39
43.88, 230.07, 112.2
49.79, 227.79, 112.2
50.23, 228.85, 106.86
53.76, 227.07, 108.1
49.75, 229.52, 104.1
33.54, 227.62, 126.55
33.65, 228.66, 124.5
36.97, 229.09, 121.54
39.91, 228.16, 121.54
43.23, 228.27, 118.5
49.45, 226.97, 115.39
55.59, 225.22, 112.2
55.65, 225.73, 110.14
57.45, 224.32, 112.2
55.21, 224.42, 115.39
59.69, 222.32, 115.02
54.76, 223.49, 118.5
60.33, 220.68, 118.5
54.26, 222.42, 121.54
59.78, 219.64, 121.54
53.69, 221.22, 124.5
59.16, 218.47, 124.5
53.06, 219.89, 127.38
58.46, 217.16, 127.38
54.1, 218.47, 128.84
55.88, 217.15, 129.48
36.58, 227.82, 124.5
38.15, 226.05, 126.91
39.5, 226.9, 124.5
42.59, 224.39, 127.15
42.39, 225.9, 124.5
48.1, 223.7, 124.5
48.61, 224.93, 121.54
46.73, 222.63, 127.44
47.53, 222.34, 127.38
50.53, 220.69, 127.96
52.33, 219.63, 128.34
57.69, 215.72, 130.16
57.66, 215.66, 130.29
59.42, 213.95, 131.3
60.3, 214.28, 130.16
61.14, 212.01, 132.51
62.84, 212.79, 130.16
61.92, 211.26, 132.86
67.15, 210.41, 129.71
66.83, 208.14, 132.86
67.85, 207.64, 132.63
65.74, 206.54, 135.45
68.31, 204.76, 135.45
65.52, 205.19, 136.95
66.66, 202.71, 138.53
62.78, 209.84, 133.92
64.27, 207.51, 135.45
68.59, 201.11, 138.7
67.69, 200.07, 140.14
68.62, 197.24, 141.79
66.19, 213.06, 126.74
63.68, 214.19, 127.38
61.1, 215.7, 127.38
64.45, 215.46, 124.5
64.96, 215.55, 123.78
63.47, 217.92, 120.83
61.71, 220.17, 117.91
62.48, 218.15, 121.54
61.83, 216.99, 124.5
44.26, 231.15, 106.86
45.52, 231.67, 100.13
44.53, 231.89, 101.37
41.17, 233.5, 96.11
41.49, 232.93, 101.37
38.42, 233.9, 101.37
41.24, 232.18, 106.86
38.2, 233.14, 106.86
40.88, 231.1, 112.2
37.87, 232.05, 112.2
38.56, 234.34, 95.74
36.82, 234.99, 91.96
35.44, 235.24, 95.74
32.39, 236.2, 90.0
32.35, 236.05, 95.74
29.23, 236.78, 95.74
29.13, 236.33, 101.37
26.01, 236.99, 101.37
25.86, 236.22, 106.86
22.74, 236.79, 106.86
22.55, 235.66, 112.2
19.64, 237.28, 106.86
19.47, 236.15, 112.2
16.52, 237.7, 106.86
16.38, 236.57, 112.2
13.4, 238.04, 106.86
32.57, 236.13, 87.63
29.26, 236.93, 90.0
26.1, 237.44, 95.74
22.88, 237.57, 101.37
19.75, 238.06, 101.37
16.62, 238.48, 101.37
13.47, 238.83, 101.37
10.28, 238.3, 106.86
30.53, 236.56, 85.38
29.24, 236.81, 84.16
26.13, 237.59, 90.0
26.1, 237.46, 84.16
22.98, 238.17, 90.0
22.96, 238.04, 84.16
19.83, 238.54, 84.16
19.78, 238.16, 78.23
16.64, 238.58, 78.23
16.56, 237.87, 71.46
13.41, 238.21, 71.46
13.32, 237.24, 64.64
10.3, 238.48, 71.46
10.23, 237.5, 64.64
7.19, 238.66, 71.46
7.14, 237.69, 64.64
28.57, 236.9, 83.07
26.69, 237.15, 80.69
24.9, 237.3, 78.23
22.89, 237.66, 78.23
21.96, 237.36, 73.63
19.68, 237.45, 71.46
20.63, 237.28, 71.24
19.42, 237.13, 68.8
23.39, 237.37, 75.97
18.31, 236.92, 66.32
16.44, 236.9, 64.64
17.32, 236.65, 63.79
16.43, 236.32, 61.21
15.65, 235.94, 58.61
13.2, 236.04, 57.79
14.4, 235.02, 53.35
13.07, 234.64, 50.95
13.55, 233.94, 48.04
10.04, 234.9, 50.95
9.92, 233.33, 44.14
7.02, 235.08, 50.95
12.92, 233.08, 44.14
13.04, 232.71, 42.7
12.75, 231.37, 37.38
12.84, 231.37, 37.38
13.74, 226.68, 21.32
14.85, 224.04, 13.35
14.56, 221.46, 5.48
14.2, 218.46, -3.26
13.82, 215.39, -11.79
13.44, 212.26, -20.13
13.05, 209.05, -28.31
12.53, 204.85, -38.6
12.0, 200.51, -48.73
11.46, 196.02, -58.74
10.89, 191.37, -68.68
10.35, 186.97, -77.71
9.8, 182.44, -86.72
16.31, 221.24, 5.48
16.83, 218.11, -3.26
20.93, 211.06, -20.13
27.45, 203.86, -33.88
26.37, 202.12, -38.6
28.63, 201.47, -38.6
31.66, 195.86, -48.73
33.48, 194.66, -49.85
30.14, 191.6, -58.74
34.16, 190.06, -58.74
35.54, 191.41, -54.84
15.1, 181.59, -86.72
15.99, 186.08, -77.71
16.85, 190.42, -68.68
17.76, 195.02, -58.74
18.63, 199.45, -48.73
19.48, 203.74, -38.6
20.31, 207.9, -28.31
20.36, 180.35, -86.72
21.58, 184.76, -77.71
22.76, 189.02, -68.68
24.0, 193.54, -58.74
25.21, 197.9, -48.73
25.54, 178.72, -86.72
27.08, 183.02, -77.71
28.56, 187.19, -68.68
4.51, 182.88, -86.72
4.72, 187.45, -77.71
4.94, 191.87, -68.68
5.16, 196.55, -58.74
5.38, 201.07, -48.73
5.59, 205.44, -38.6
5.79, 209.67, -28.31
5.95, 212.89, -20.13
6.1, 216.05, -11.79
6.25, 219.14, -3.26
6.39, 222.15, 5.48
6.52, 224.71, 13.22
6.64, 227.19, 21.13
6.75, 229.56, 29.19
10.14, 236.3, 57.79
7.08, 236.48, 57.79
10.35, 239.19, 78.23
13.48, 238.92, 78.23
16.69, 238.96, 84.16
19.85, 238.67, 90.0
22.95, 238.02, 95.74
10.38, 239.57, 84.16
13.52, 239.31, 84.16
16.7, 239.09, 90.0
19.82, 238.52, 95.74
7.22, 239.38, 78.23
10.39, 239.7, 90.0
13.53, 239.44, 90.0
16.68, 238.94, 95.74
7.24, 239.76, 84.16
10.37, 239.55, 95.74
13.52, 239.28, 95.74
7.25, 239.89, 90.0
10.34, 239.09, 101.37
7.24, 239.74, 95.74
7.18, 238.49, 106.86
7.22, 239.28, 101.37
19.34, 235.28, 115.39
22.23, 233.77, 118.5
25.26, 233.21, 118.5
28.29, 232.58, 118.5
28.04, 231.43, 121.54
31.31, 231.87, 118.5
22.4, 234.79, 115.39
25.63, 235.1, 112.2
28.96, 235.56, 106.86
32.24, 235.6, 101.37
25.46, 234.23, 115.39
28.52, 233.59, 115.39
31.56, 232.87, 115.39
34.59, 232.08, 115.39
28.71, 234.45, 112.2
32.05, 234.84, 106.86
35.32, 234.79, 101.37
31.78, 233.73, 112.2
34.82, 232.93, 112.2
35.12, 234.03, 106.86
42.84, 227.16, 121.54
49.06, 226.02, 118.5
-32.25, 143.59, -126.64
-84.69, 195.69, -126.64
-32.17, 143.67, -126.64
-81.15, 199.23, -126.64
-28.88, 146.95, -126.64
-32.33, 143.5, -126.64
-32.42, 143.42, -126.64
-29.28, 147.35, -125.87
-30.61, 145.45, -126.42
-52.22, 163.22, -82.24
-48.7, 166.52, -82.24
-48.68, 166.75, -82.24
-48.56, 166.63, -82.24
-79.41, 190.41, -121.79
-75.88, 193.95, -121.79
-74.44, 185.44, -116.77
-70.91, 188.98, -116.77
-72.08, 183.08, -114.19
-68.54, 186.61, -114.19
-69.8, 180.8, -111.56
-66.27, 184.34, -111.56
-67.62, 178.62, -108.88
-64.08, 182.15, -108.88
-65.53, 176.53, -106.14
-62.0, 180.07, -106.14
-63.54, 174.54, -103.34
-60.01, 178.08, -103.34
-61.65, 172.65, -100.48
-58.12, 176.19, -100.48
-59.86, 170.86, -97.57
-56.33, 174.4, -97.57
-58.16, 169.16, -94.6
-54.63, 172.7, -94.6
-56.55, 167.55, -91.58
-53.02, 171.09, -91.58
-55.03, 166.03, -88.51
-51.49, 169.56, -88.51
-53.58, 164.58, -85.4
-50.05, 168.12, -85.4
-38.44, 156.51, -109.37
-40.15, 158.22, -104.7
-36.49, 154.56, -113.85
-34.3, 152.37, -118.11
-31.9, 149.97, -122.12
-44.42, 162.49, -93.52
-36.24, 161.3, -104.7
-42.39, 162.69, -95.71
-45.38, 166.33, -86.72
-46.74, 165.18, -86.72
-48.7, 166.52, -82.24
-46.98, 170.06, -79.05
-42.58, 168.53, -86.72
-39.76, 164.74, -95.71
-38.41, 165.73, -95.71
-37.03, 166.68, -95.71
-32.1, 164.06, -104.7
-35.62, 167.6, -95.71
-34.19, 168.48, -95.71
-38.15, 171.58, -86.72
-36.62, 172.53, -86.72
-40.6, 175.43, -77.71
-38.97, 176.44, -77.71
-41.75, 179.93, -68.68
-41.25, 180.23, -68.68
-39.6, 183.72, -64.07
-39.5, 181.26, -68.68
-37.72, 182.24, -68.68
-35.63, 178.34, -77.71
-33.93, 179.23, -77.71
-31.87, 175.15, -86.72
-30.24, 175.94, -86.72
-28.22, 171.68, -95.71
-26.91, 177.42, -86.72
-25.11, 173.06, -95.71
-23.54, 178.72, -86.72
-21.95, 174.28, -95.71
-20.35, 174.83, -95.71
-18.58, 170.29, -104.7
-18.73, 175.34, -95.71
-17.11, 175.81, -95.71
-18.36, 180.35, -86.72
-15.47, 176.23, -95.71
-16.61, 180.81, -86.72
-13.83, 176.62, -95.71
-14.86, 181.23, -86.72
-12.19, 176.97, -95.71
-13.1, 181.59, -86.72
-10.54, 177.27, -95.71
-11.33, 181.92, -86.72
-9.57, 182.2, -86.72
-10.23, 186.72, -77.71
-6.47, 187.18, -77.71
-6.9, 191.58, -68.68
-4.6, 187.34, -77.71
-4.92, 191.75, -68.68
-2.72, 187.45, -77.71
-2.94, 191.87, -68.68
-0.86, 187.52, -77.71
-0.96, 191.94, -68.68
-0.0, 191.96, -68.68
-1.08, 196.63, -58.74
-0.0, 196.63, -58.76
-0.0, 201.16, -48.75
-1.19, 201.15, -48.73
-0.0, 205.52, -38.65
-1.29, 205.52, -38.6
-1.39, 209.76, -28.31
-3.79, 209.67, -28.31
-3.99, 213.95, -17.37
-6.51, 213.8, -17.37
-6.81, 217.96, -6.12
-9.42, 217.74, -6.12
-9.81, 221.76, 5.48
-14.69, 217.1, -6.12
-15.28, 221.1, 5.48
-16.31, 220.94, 5.48
-14.85, 223.79, 13.38
-45.31, 172.19, -77.71
-45.24, 173.47, -75.72
-43.77, 173.31, -77.71
-43.49, 176.76, -72.25
-42.2, 174.39, -77.71
-37.47, 187.34, -59.33
-35.92, 183.18, -68.68
-32.2, 180.07, -77.71
-28.66, 181.64, -77.71
-25.08, 183.02, -77.71
-21.82, 179.31, -86.72
-35.37, 190.81, -54.43
-36.1, 188.31, -58.74
-34.09, 184.07, -68.68
-32.16, 190.06, -58.74
-33.3, 194.15, -49.4
-28.14, 191.6, -58.74
-29.66, 195.86, -48.73
-26.1, 192.3, -58.74
-27.52, 196.6, -48.73
-24.05, 192.95, -58.74
-25.36, 197.28, -48.73
-23.2, 197.91, -48.73
-24.36, 202.12, -38.6
-21.0, 198.48, -48.73
-22.05, 202.73, -38.6
-18.81, 199.0, -48.73
-19.75, 203.27, -38.6
-16.61, 199.46, -48.73
-17.45, 203.75, -38.6
-14.41, 199.86, -48.73
-15.15, 204.17, -38.6
-12.85, 204.54, -38.6
-13.47, 208.73, -28.31
-8.61, 209.32, -28.31
-9.02, 213.59, -17.37
-6.2, 209.52, -28.31
-31.27, 197.36, -44.26
-29.3, 200.43, -39.01
-28.89, 200.75, -38.6
-26.63, 201.47, -38.6
-27.38, 203.38, -33.69
-25.54, 206.19, -28.31
-25.48, 206.21, -28.31
-22.86, 210.3, -19.91
-23.07, 206.84, -28.31
-20.67, 207.4, -28.31
-21.6, 211.59, -17.37
-20.39, 214.13, -11.43
-19.1, 212.11, -17.37
-16.59, 212.57, -17.37
-15.87, 208.35, -28.31
-14.09, 212.97, -17.37
-17.29, 216.68, -6.12
-18.19, 217.68, -2.94
-13.74, 226.44, 21.28
-10.14, 225.14, 15.84
-10.45, 228.37, 26.48
-13.33, 227.7, 25.28
-13.04, 228.9, 29.3
-12.87, 230.06, 33.33
-10.74, 231.38, 37.38
-7.58, 228.61, 26.48
-7.8, 231.62, 37.38
-4.7, 228.78, 26.48
-4.85, 231.8, 37.38
-1.85, 228.88, 26.48
-1.92, 231.91, 37.38
-0.0, 230.94, 33.66
-0.0, 231.94, 37.38
-0.0, 233.5, 43.54
-1.96, 233.62, 44.14
-0.0, 234.87, 49.38
-2.0, 235.19, 50.95
-0.0, 236.05, 54.9
-2.04, 236.59, 57.79
-0.0, 237.05, 60.12
-2.06, 237.8, 64.64
-0.0, 237.9, 65.05
-0.0, 238.58, 69.71
-2.09, 238.78, 71.46
-0.0, 239.12, 74.09
-2.1, 239.49, 78.23
-0.0, 239.53, 78.23
-0.0, 239.74, 81.0
-2.11, 239.8, 82.68
-0.0, 239.89, 83.66
-2.12, 239.97, 87.09
-0.0, 240.03, 88.65
-2.12, 239.99, 91.45
-0.0, 239.99, 93.24
-2.11, 239.85, 95.74
-0.0, 239.78, 97.48
-2.11, 239.54, 99.98
-0.0, 239.41, 101.47
-2.09, 239.04, 104.14
-0.0, 238.91, 105.25
-2.08, 238.35, 108.21
-0.0, 238.26, 108.82
-2.06, 237.46, 112.2
-0.0, 237.49, 112.2
-1.1, 237.32, 112.84
0.0, 237.42, 112.48
-12.84, 231.15, 37.38
-13.04, 232.5, 42.71
-10.9, 233.08, 44.14
-13.55, 233.72, 48.04
-11.05, 234.64, 50.95
-14.4, 234.79, 53.35
-11.19, 236.04, 57.79
-15.64, 235.69, 58.61
-11.3, 237.24, 64.64
-16.42, 236.06, 61.2
-17.3, 236.38, 63.75
-17.55, 236.48, 64.64
-18.3, 236.63, 66.28
-17.68, 237.45, 71.46
-19.4, 236.83, 68.77
-20.63, 236.95, 71.22
-21.95, 237.01, 73.62
-20.9, 237.66, 78.23
-17.78, 238.16, 78.23
-20.96, 237.97, 82.68
-17.83, 238.47, 82.68
-20.98, 238.14, 87.09
-17.85, 238.64, 87.09
-20.99, 238.16, 91.45
-17.85, 238.66, 91.45
-20.96, 238.02, 95.74
-17.83, 238.52, 95.74
-20.91, 237.71, 99.98
-17.78, 238.2, 99.98
-20.82, 237.22, 104.14
-17.7, 237.71, 104.14
-20.71, 236.54, 108.21
-17.6, 237.03, 108.21
-20.55, 235.66, 112.2
-17.47, 236.15, 112.2
-20.4, 234.79, 115.39
-17.34, 235.28, 115.39
-20.23, 233.77, 118.5
-17.19, 234.26, 118.5
-20.03, 232.61, 121.54
-17.02, 233.09, 121.54
-19.83, 231.89, 123.25
-15.24, 233.51, 121.13
-23.38, 237.0, 75.95
-24.05, 237.08, 78.23
-24.11, 237.39, 82.68
-24.9, 236.91, 78.23
-26.75, 236.72, 80.78
-27.24, 236.73, 82.68
-28.68, 236.43, 83.21
-27.28, 236.9, 87.09
-30.68, 236.05, 85.54
-30.38, 236.17, 87.09
-32.72, 235.57, 87.79
-30.39, 236.18, 91.45
-33.5, 235.37, 91.45
-30.35, 236.05, 95.74
-33.46, 235.23, 95.74
-30.28, 235.74, 99.98
-33.38, 234.93, 99.98
-30.16, 235.26, 104.14
-33.25, 234.45, 104.14
-29.99, 234.59, 108.21
-33.06, 233.79, 108.21
-29.78, 233.73, 112.2
-32.83, 232.93, 112.2
-29.56, 232.87, 115.39
-32.59, 232.07, 115.39
-29.31, 231.87, 118.5
-32.32, 231.08, 118.5
-29.03, 230.72, 121.54
-32.01, 229.94, 121.54
-28.71, 229.43, 124.5
-31.65, 228.66, 124.5
-29.52, 228.46, 126.0
-34.32, 226.78, 126.63
-34.58, 227.82, 124.5
-37.5, 226.9, 124.5
-34.97, 229.09, 121.54
-37.91, 228.16, 121.54
-35.31, 230.22, 118.5
-38.28, 229.28, 118.5
-35.61, 231.2, 115.39
-38.6, 230.26, 115.39
-35.86, 232.05, 112.2
-38.88, 231.1, 112.2
-36.12, 232.9, 108.21
-39.16, 231.95, 108.21
-36.32, 233.56, 104.14
-39.38, 232.6, 104.14
-36.46, 234.04, 99.98
-39.53, 233.07, 99.98
-36.56, 234.34, 95.74
-39.63, 233.37, 95.74
-36.91, 234.37, 92.05
-41.15, 232.84, 96.09
-45.42, 230.97, 100.03
-42.57, 232.03, 99.98
-49.64, 228.75, 103.99
-48.4, 229.25, 104.14
-42.41, 231.56, 104.14
-48.13, 228.62, 108.21
-53.69, 226.2, 108.03
-47.79, 227.79, 112.2
-53.59, 225.22, 112.2
-53.21, 224.42, 115.39
-56.03, 223.04, 115.39
-55.57, 222.12, 118.5
-58.33, 220.68, 118.5
-57.77, 219.64, 121.54
-60.47, 218.15, 121.54
-59.82, 217.0, 124.5
-63.13, 216.6, 121.54
-62.45, 215.46, 124.5
-64.96, 214.32, 123.76
-65.03, 213.86, 124.5
-66.2, 211.74, 126.76
-64.23, 212.61, 127.38
-67.15, 209.06, 129.72
-63.36, 211.24, 130.16
-65.84, 209.62, 130.16
-64.84, 208.13, 132.86
-67.84, 206.26, 132.62
-67.23, 206.49, 132.86
-66.11, 204.91, 135.45
-64.27, 206.18, 135.45
-65.52, 203.82, 136.94
-68.3, 203.31, 135.45
-66.65, 201.29, 138.51
-68.58, 199.62, 138.68
-67.68, 198.57, 140.13
-68.62, 195.66, 141.79
-55.61, 224.8, 110.1
-56.43, 223.83, 112.2
-57.45, 223.31, 112.2
-58.82, 221.59, 115.39
-59.69, 221.25, 115.02
-61.69, 219.07, 117.89
-61.06, 219.18, 118.5
-63.45, 216.76, 120.8
-62.97, 208.3, 134.09
-62.4, 209.73, 132.86
-61.58, 210.25, 132.86
-60.85, 212.79, 130.16
-61.69, 214.19, 127.38
-60.09, 212.06, 131.74
-58.51, 213.74, 130.75
-58.28, 214.29, 130.16
-56.83, 215.3, 129.88
-59.09, 215.71, 127.38
-56.45, 217.17, 127.38
-57.15, 218.47, 124.5
-54.44, 219.88, 124.5
-55.04, 221.07, 121.54
-52.26, 222.42, 121.54
-52.76, 223.49, 118.5
-47.06, 226.02, 118.5
-47.45, 226.97, 115.39
-41.58, 229.24, 115.39
-41.88, 230.07, 112.2
-55.06, 216.75, 129.16
-53.77, 218.56, 127.38
-51.69, 221.22, 124.5
-46.61, 224.93, 121.54
-41.23, 228.27, 118.5
-53.24, 218.07, 128.58
-51.36, 219.29, 128.13
-51.06, 219.89, 127.38
-49.43, 220.41, 127.78
-47.44, 221.45, 127.52
-43.29, 223.36, 127.19
-46.1, 223.7, 124.5
-40.39, 225.9, 124.5
-38.91, 225.11, 126.96
-27.04, 229.33, 125.51
-25.75, 230.13, 124.5
-26.04, 231.43, 121.54
-23.04, 232.06, 121.54
-23.27, 233.21, 118.5
-24.58, 230.2, 124.88
-22.18, 231.05, 124.13
-13.09, 234.23, 119.97
-11.08, 235.0, 118.5
-11.07, 234.89, 118.79
-9.16, 235.47, 117.63
-7.37, 235.98, 116.49
-8.14, 236.28, 115.39
-11.18, 236.03, 115.39
-5.68, 236.42, 115.42
-8.2, 237.17, 112.2
-11.27, 236.91, 112.2
-5.11, 237.35, 112.2
-4.08, 236.79, 114.44
-3.2, 236.97, 113.92
-2.16, 237.16, 113.34
-0.0, 229.88, 29.83
-0.0, 227.54, 21.87
-1.77, 225.64, 15.84
-0.0, 225.0, 13.73
-1.69, 222.25, 5.48
-0.0, 222.28, 5.48
-0.0, 219.34, -3.01
-1.59, 218.21, -6.12
-0.0, 216.26, -11.5
-1.49, 214.04, -17.37
-0.0, 213.07, -19.96
-0.0, 209.78, -28.31
-0.0, 187.5, -77.78
-0.75, 182.95, -86.72
-2.5, 182.88, -86.72
-4.27, 182.78, -86.72
-6.03, 182.63, -86.72
-8.89, 177.53, -95.71
-8.91, 172.61, -104.7
-13.79, 171.64, -104.7
-0.0, 182.92, -86.8
-0.64, 178.23, -95.71
-2.28, 178.17, -95.71
-3.93, 178.07, -95.71
-5.58, 177.93, -95.71
-0.0, 178.23, -95.74
0.0, 173.43, -104.6
-3.97, 173.19, -104.7
-23.24, 168.57, -104.7
-27.76, 166.49, -104.7
-29.74, 170.94, -95.71
-31.25, 170.15, -95.71
-33.47, 174.31, -86.72
-35.06, 173.44, -86.72
-37.32, 177.41, -77.71
-32.73, 169.34, -95.71
-41.13, 169.58, -86.72
-39.66, 170.59, -86.72
-30.36, 185.73, -68.68
-26.56, 187.19, -68.68
-24.64, 187.85, -68.68
-22.7, 188.46, -68.68
-22.0, 193.54, -58.74
-19.91, 194.09, -58.74
-17.83, 194.58, -58.74
-15.74, 195.02, -58.74
-13.65, 195.41, -58.74
-12.21, 200.21, -48.73
-8.2, 205.1, -38.6
-5.9, 205.3, -38.6
-3.58, 205.44, -38.6
-23.25, 183.65, -77.71
-21.42, 184.23, -77.71
-20.75, 189.03, -68.68
-18.78, 189.54, -68.68
-16.81, 190.01, -68.68
-14.83, 190.42, -68.68
-12.85, 190.78, -68.68
-11.56, 195.74, -58.74
-7.78, 200.75, -48.73
-5.58, 200.94, -48.73
-3.38, 201.07, -48.73
-20.1, 179.85, -86.72
-19.58, 184.76, -77.71
-17.71, 185.25, -77.71
-15.85, 185.69, -77.71
-13.98, 186.08, -77.71
-12.11, 186.42, -77.71
-10.88, 191.1, -68.68
-7.35, 196.25, -58.74
-5.25, 196.43, -58.74
-3.16, 196.55, -58.74
-18.27, 207.91, -28.31
-11.35, 237.79, 108.21
-8.27, 238.05, 108.21
-5.15, 238.24, 108.21
-11.42, 238.48, 104.14
-8.32, 238.74, 104.14
-5.18, 238.93, 104.14
-11.47, 238.97, 99.98
-8.35, 239.23, 99.98
-5.21, 239.42, 99.98
-11.5, 239.28, 95.74
-8.37, 239.55, 95.74
-5.22, 239.74, 95.74
-11.51, 239.43, 91.45
-8.38, 239.69, 91.45
-5.23, 239.88, 91.45
-11.51, 239.41, 87.09
-8.38, 239.67, 87.09
-5.23, 239.86, 87.09
-11.49, 239.24, 82.68
-8.37, 239.5, 82.68
-5.22, 239.69, 82.68
-11.46, 238.93, 78.23
-8.35, 239.19, 78.23
-5.21, 239.38, 78.23
-11.4, 238.22, 71.46
-8.3, 238.48, 71.46
-5.17, 238.67, 71.46
-8.23, 237.5, 64.64
-5.13, 237.69, 64.64
-8.14, 236.3, 57.79
-5.07, 236.49, 57.79
-8.04, 234.9, 50.95
-5.0, 235.08, 50.95
-7.92, 233.33, 44.14
-4.93, 233.51, 44.14
-7.35, 225.38, 15.84
-4.55, 225.54, 15.84
-7.1, 221.99, 5.48
-4.38, 222.16, 5.48
-24.14, 237.56, 87.09
-24.14, 237.58, 91.45
-24.11, 237.44, 95.74
-24.05, 237.13, 99.98
-23.95, 236.64, 104.14
-23.82, 235.97, 108.21
-23.64, 235.09, 112.2
-23.47, 234.23, 115.39
-27.28, 236.92, 91.45
-27.25, 236.78, 95.74
-27.18, 236.47, 99.98
-27.07, 235.99, 104.14
-26.91, 235.32, 108.21
-26.72, 234.45, 112.2
-26.52, 233.58, 115.39
-26.3, 232.58, 118.5
-42.18, 230.91, 108.21
-40.84, 227.16, 121.54
-4.19, 218.12, -6.12
-48.7, 159.7, -82.24
-47.11, 162.4, -79.31
-48.43, 159.43, -81.74
-45.76, 165.32, -76.74
-44.38, 168.19, -74.02
-42.96, 171.01, -71.17
-41.52, 173.78, -68.19
-40.06, 176.5, -65.07
-38.58, 179.18, -61.82
-37.09, 181.8, -58.44
-35.58, 184.39, -54.94
-34.07, 186.93, -51.31
-31.08, 191.83, -43.76
-28.2, 196.43, -35.98
-25.46, 200.72, -28.06
-22.9, 204.7, -20.07
-20.57, 208.39, -12.08
-18.49, 211.78, -4.16
-16.67, 214.94, 3.76
-15.1, 217.95, 11.87
-13.88, 220.77, 20.1
-13.43, 222.1, 24.22
-13.1, 223.38, 28.35
-12.89, 224.6, 32.52
-12.83, 225.77, 36.71
-12.94, 226.86, 40.91
-13.23, 227.89, 45.11
-13.72, 228.82, 49.32
-14.43, 229.67, 53.51
-15.39, 230.4, 57.66
-16.61, 231.0, 61.76
-18.1, 231.46, 65.8
-19.86, 231.76, 69.71
-21.88, 231.89, 73.5
-24.17, 231.84, 77.16
-26.66, 231.6, 80.66
-29.33, 231.16, 83.98
-32.14, 230.54, 87.16
-35.06, 229.73, 90.21
-38.07, 228.73, 93.18
-41.13, 227.54, 96.07
-44.19, 226.18, 98.9
-47.21, 224.64, 101.7
-50.16, 222.92, 104.5
-53.0, 221.04, 107.32
-55.69, 218.99, 110.17
-58.18, 216.78, 113.08
-60.44, 214.41, 116.05
-62.45, 211.88, 119.07
-64.14, 209.22, 122.09
-65.54, 206.43, 125.09
-66.64, 203.48, 128.05
-67.48, 200.35, 130.97
-68.07, 197.01, 133.83
-68.43, 193.44, 136.6
-68.61, 189.6, 139.26
-68.62, 185.46, 141.79
-67.77, 188.75, 140.28
-66.83, 191.82, 138.78
-65.79, 194.67, 137.3
-64.64, 197.33, 135.87
-63.39, 199.81, 134.51
-62.01, 202.11, 133.22
-60.5, 204.28, 132.02
-58.81, 206.36, 130.92
-56.92, 208.33, 129.93
-54.87, 210.18, 129.09
-52.73, 211.83, 128.44
-50.52, 213.32, 127.96
-48.23, 214.67, 127.61
-45.88, 215.91, 127.37
-40.96, 218.16, 127.06
-35.76, 220.23, 126.76
-33.07, 221.25, 126.5
-30.33, 222.27, 126.14
-27.56, 223.31, 125.62
-24.86, 224.34, 124.96
-22.19, 225.36, 124.13
-19.56, 226.38, 123.14
-17.01, 227.36, 122.0
-14.51, 228.3, 120.74
-9.58, 230.02, 117.88
-4.94, 231.36, 114.96
-2.6, 231.88, 113.58
-1.27, 232.11, 112.91
-0.6, 232.19, 112.64
0.0, 232.25, 112.48
1.0, 232.16, 112.79
2.44, 231.95, 113.49
3.76, 231.7, 114.24
5.85, 231.22, 115.53
8.08, 230.62, 116.95
10.5, 229.89, 118.45
13.1, 229.03, 119.97
15.92, 228.04, 121.47
18.9, 226.96, 122.86
21.92, 225.85, 124.04
25.03, 224.71, 125.01
28.23, 223.56, 125.76
31.37, 222.44, 126.29
34.42, 221.36, 126.64
37.36, 220.29, 126.87
40.2, 219.21, 127.03
42.93, 218.1, 127.16
45.55, 216.93, 127.34
48.06, 215.68, 127.59
50.46, 214.33, 127.95
52.76, 212.84, 128.45
54.96, 211.19, 129.13
57.01, 209.4, 129.97
58.8, 207.58, 130.91
60.34, 205.76, 131.9
61.67, 203.96, 132.92
63.82, 200.42, 134.96
64.78, 198.52, 136.03
65.66, 196.52, 137.14
66.49, 194.39, 138.28
67.26, 192.15, 139.44
67.97, 189.77, 140.61
68.62, 187.26, 141.79
0.0, 237.43, 112.48
68.63, 189.79, 140.25
68.58, 192.2, 138.65
68.47, 194.52, 137.01
68.29, 196.73, 135.32
68.03, 198.86, 133.59
67.68, 200.9, 131.82
67.23, 202.87, 130.01
66.69, 204.77, 128.18
66.03, 206.61, 126.31
65.26, 208.38, 124.44
64.39, 210.08, 122.57
63.4, 211.72, 120.7
62.3, 213.29, 118.84
61.09, 214.82, 116.98
58.38, 217.67, 113.34
55.45, 220.2, 109.91
52.4, 222.39, 106.7
49.35, 224.28, 103.72
46.43, 225.86, 100.97
43.57, 227.21, 98.33
40.68, 228.42, 95.64
37.78, 229.47, 92.89
34.9, 230.36, 90.05
32.09, 231.08, 87.1
29.35, 231.64, 84.01
26.74, 232.02, 80.76
24.31, 232.23, 77.37
22.08, 232.26, 73.84
20.09, 232.12, 70.17
18.36, 231.82, 66.42
16.88, 231.39, 62.58
15.66, 230.81, 58.65
14.67, 230.12, 54.64
13.91, 229.32, 50.6
13.37, 228.44, 46.54
13.02, 227.47, 42.47
12.86, 226.44, 38.4
12.85, 225.34, 34.35
12.98, 224.19, 30.32
13.25, 222.98, 26.29
13.63, 221.73, 22.27
14.69, 219.09, 14.35
16.1, 216.29, 6.5
17.8, 213.28, -1.33
19.75, 210.09, -9.09
21.89, 206.74, -16.71
24.18, 203.23, -24.14
26.58, 199.55, -31.39
29.12, 195.64, -38.54
31.77, 191.5, -45.53
34.49, 187.13, -52.32
37.27, 182.52, -58.86
40.12, 177.59, -65.19
43.0, 172.33, -71.24
44.44, 169.57, -74.15
45.88, 166.72, -76.95
47.3, 163.78, -79.65
48.7, 160.75, -82.24
-48.23, 159.23, -82.29
-47.65, 158.65, -87.87
-46.76, 157.76, -93.37
-45.56, 156.56, -98.75
-44.06, 155.06, -103.97
-42.26, 153.26, -109.01
-40.19, 151.19, -113.82
-37.84, 148.84, -118.38
-35.25, 146.25, -122.67
0.0, 237.5, 112.2
0.0, 238.27, 108.82
0.0, 238.39, 108.21
0.0, 238.91, 105.25
0.0, 239.08, 104.14
0.0, 239.42, 101.47
0.0, 239.57, 99.98
0.0, 239.78, 97.48
0.0, 239.89, 95.74
0.0, 239.99, 93.24
0.0, 240.03, 91.45
0.0, 240.04, 88.65
0.0, 239.89, 83.66
0.0, 239.74, 81.0
0.0, 239.84, 82.68
0.0, 240.01, 87.09
0.0, 239.53, 78.23
0.0, 239.36, 76.35
0.0, 239.12, 74.09
0.0, 239.02, 73.16
0.0, 238.59, 69.71
0.0, 238.36, 68.05
0.0, 237.9, 65.05
0.0, 237.56, 62.93
0.0, 237.06, 60.12
0.0, 236.63, 57.79
0.0, 236.06, 54.9
0.0, 234.88, 49.38
0.0, 234.46, 47.54
0.0, 233.51, 43.54
0.0, 231.94, 37.38
0.0, 230.95, 33.66
0.0, 229.88, 29.83
0.0, 229.7, 29.19
-0.0, 227.55, 21.87
-0.0, 227.32, 21.13
-0.0, 225.01, 13.73
-0.0, 224.84, 13.22
-0.0, 222.28, 5.48
-0.0, 219.26, -3.26
-0.0, 216.17, -11.79
-0.0, 213.01, -20.13
-0.0, 209.78, -28.31
-0.0, 205.55, -38.6
-0.0, 201.18, -48.73
-0.0, 196.65, -58.74
-0.0, 191.96, -68.68
-0.0, 187.55, -77.68
-0.0, 182.99, -86.67
-0.0, 178.29, -95.64
-0.0, 173.44, -104.6
0.0, 173.42, -104.63
-0.0, 173.41, -104.65
0.0, 173.4, -104.66
-0.0, 173.39, -104.7
-67.63, 193.35, 137.18
-64.91, 198.49, 134.69
-66.21, 200.24, 132.08
-61.69, 203.44, 132.08
-62.81, 205.1, 129.36
-58.04, 208.13, 129.36
-58.97, 209.69, 126.51
-53.96, 212.53, 126.51
-48.81, 215.14, 126.51
-43.52, 217.48, 126.51
-40.83, 218.56, 126.51
-38.12, 219.56, 126.51
-41.42, 220.08, 123.55
-38.67, 221.1, 123.55
-41.95, 221.44, 120.48
-39.16, 222.47, 120.48
-42.4, 222.63, 117.3
-39.59, 223.67, 117.3
-42.8, 223.66, 114.01
-39.96, 224.71, 114.01
-43.14, 224.53, 110.62
-40.28, 225.59, 110.62
-43.41, 225.24, 107.13
-40.53, 226.31, 107.13
-43.63, 225.81, 103.55
-40.74, 226.88, 103.55
-43.79, 226.23, 99.88
-40.89, 227.31, 99.88
-40.99, 227.59, 96.13
-38.03, 228.6, 96.13
-35.1, 229.53, 96.13
-35.02, 229.24, 99.88
-32.03, 230.1, 99.88
-31.91, 229.67, 103.55
-28.96, 230.44, 103.55
-28.82, 229.85, 107.13
-25.98, 231.14, 103.55
-25.85, 230.55, 107.13
-22.98, 231.77, 103.55
-22.86, 231.18, 107.13
-19.99, 232.32, 103.55
-19.89, 231.73, 107.13
-16.98, 232.8, 103.55
-16.89, 232.2, 107.13
-13.97, 233.2, 103.55
-13.9, 232.6, 107.13
-10.96, 233.53, 103.55
-10.9, 232.93, 107.13
-7.91, 233.18, 107.13
-7.86, 232.42, 110.62
-4.9, 232.6, 110.62
-4.85, 231.67, 114.01
-63.82, 206.61, 126.51
-64.73, 207.96, 123.55
-59.82, 211.09, 123.55
-60.57, 212.33, 120.48
-61.22, 213.43, 117.3
-55.42, 215.26, 120.48
-56.03, 216.38, 117.3
-50.13, 217.93, 120.48
-50.68, 219.08, 117.3
-44.7, 220.33, 120.48
-45.19, 221.52, 117.3
-56.55, 217.35, 114.01
-51.15, 220.08, 114.01
-45.61, 222.53, 114.01
-51.55, 220.92, 110.62
-51.88, 221.61, 107.13
-46.26, 224.1, 107.13
-46.5, 224.66, 103.55
-35.15, 229.67, 92.31
-32.14, 230.54, 92.31
-32.14, 230.56, 88.48
-29.19, 231.32, 92.31
-29.19, 231.33, 88.48
-26.18, 232.04, 88.48
-26.16, 231.94, 84.6
-23.13, 232.58, 84.6
-29.17, 231.23, 84.6
-23.02, 232.02, 76.68
-20.05, 232.57, 76.68
-17.02, 233.05, 76.68
-16.88, 232.08, 68.62
-13.9, 232.48, 68.62
-13.74, 231.15, 60.46
-13.57, 229.73, 53.3
-10.47, 228.44, 46.14
-10.62, 230.05, 53.3
-10.29, 226.66, 39.03
-7.59, 228.68, 46.14
-7.46, 226.9, 39.03
-4.72, 228.85, 46.14
-4.63, 227.07, 39.03
-1.85, 228.96, 46.14
-1.81, 227.17, 39.03
1.0, 227.96, 41.97
1.0, 226.2, 35.26
-1.76, 225.26, 31.98
1.0, 222.37, 22.06
-1.72, 223.23, 25.02
-1.66, 221.13, 18.16
-4.34, 221.04, 18.16
-4.24, 218.87, 11.42
-6.87, 218.71, 11.42
-6.71, 216.49, 4.8
-9.29, 216.28, 4.8
-8.85, 211.72, -8.1
-11.35, 211.45, -8.1
-10.77, 206.76, -20.56
-13.13, 206.45, -20.56
-12.42, 201.62, -32.68
-14.66, 201.27, -32.68
-13.81, 196.29, -44.55
-15.92, 195.9, -44.55
-15.1, 191.73, -54.06
-17.1, 191.31, -54.06
-16.15, 187.01, -63.51
-18.05, 186.56, -63.51
-16.95, 182.14, -72.91
-18.72, 181.67, -72.91
-15.25, 177.7, -82.29
-20.51, 176.21, -82.29
-20.49, 181.16, -72.91
-22.25, 180.61, -72.91
-21.81, 185.52, -63.51
-23.68, 184.93, -63.51
-23.08, 189.74, -54.06
-25.06, 189.12, -54.06
-24.31, 193.81, -44.55
-26.39, 193.16, -44.55
-28.44, 192.45, -44.55
-30.48, 191.69, -44.55
-30.88, 186.96, -54.06
-28.95, 187.72, -54.06
-29.19, 182.89, -63.51
-27.37, 183.62, -63.51
-27.45, 178.68, -72.91
-25.73, 179.36, -72.91
-25.64, 174.32, -82.29
-24.0, 180.01, -72.91
-10.11, 224.75, 31.98
-7.32, 224.99, 31.98
-4.54, 225.16, 31.98
-9.92, 222.74, 25.02
-12.69, 222.44, 25.02
-12.44, 220.35, 18.16
-12.17, 218.2, 11.42
-9.71, 220.65, 18.16
-9.5, 218.49, 11.42
-7.02, 220.87, 18.16
-14.8, 217.84, 11.42
-14.48, 215.64, 4.8
-13.82, 211.12, -8.1
-11.9, 215.99, 4.8
-16.29, 210.73, -8.1
-15.49, 206.07, -20.56
-17.85, 205.64, -20.56
-16.9, 200.86, -32.68
-19.12, 200.39, -32.68
-18.02, 195.46, -44.55
-20.15, 194.96, -44.55
-19.12, 190.83, -54.06
-21.09, 190.31, -54.06
-19.93, 186.07, -63.51
-18.76, 210.27, -8.1
-20.18, 205.15, -20.56
-21.37, 199.86, -32.68
-22.22, 194.42, -44.55
-22.56, 204.59, -20.56
-23.55, 199.29, -32.68
-25.77, 198.65, -32.68
-34.66, 185.28, -54.06
-32.78, 181.3, -63.51
-36.27, 179.53, -63.51
-37.32, 173.7, -72.91
-40.42, 171.73, -72.91
-43.4, 169.62, -72.91
-39.92, 166.32, -82.29
-44.21, 162.94, -82.29
-35.38, 169.36, -82.29
-34.12, 175.52, -72.91
-30.61, 172.03, -82.29
-30.83, 177.18, -72.91
-9.89, 178.76, -82.29
-13.36, 182.94, -72.91
-15.16, 182.56, -72.91
-4.46, 179.4, -82.29
-7.97, 183.79, -72.91
-9.77, 183.55, -72.91
-11.57, 183.27, -72.91
-10.43, 188.06, -63.51
-12.34, 187.76, -63.51
-11.07, 192.42, -54.06
-13.09, 192.1, -54.06
-11.69, 196.63, -44.55
1.0, 179.62, -82.29
-2.57, 184.25, -72.91
-4.37, 184.14, -72.91
-6.16, 183.99, -72.91
-4.69, 188.69, -63.51
-6.6, 188.53, -63.51
-5.01, 193.08, -54.06
-7.03, 192.91, -54.06
-5.32, 197.32, -44.55
-7.44, 197.14, -44.55
-5.68, 202.36, -32.68
-7.92, 202.17, -32.68
-6.04, 207.22, -20.56
-8.39, 207.02, -20.56
-6.38, 211.93, -8.1
-0.78, 184.32, -72.91
1.0, 185.11, -71.34
-0.89, 188.87, -63.51
1.0, 190.38, -60.35
-1.0, 193.27, -54.06
1.0, 195.45, -49.29
-1.1, 197.52, -44.55
1.0, 200.32, -38.12
-1.22, 202.58, -32.68
1.0, 205.02, -26.75
-1.34, 207.45, -20.56
1.0, 209.57, -15.12
-1.45, 212.17, -8.1
1.0, 214.0, -3.14
-1.56, 216.74, 4.8
1.0, 218.28, 9.25
-1.61, 218.96, 11.42
1.0, 229.6, 48.74
-1.89, 230.58, 53.3
-4.79, 230.47, 53.3
-7.71, 230.3, 53.3
1.0, 231.08, 55.53
-1.93, 232.0, 60.46
-4.86, 231.9, 60.46
-7.81, 231.72, 60.46
-10.76, 231.47, 60.46
1.0, 232.37, 62.32
-1.96, 233.35, 68.62
-4.93, 233.24, 68.62
-7.91, 233.06, 68.62
-10.89, 232.81, 68.62
-14.02, 233.45, 76.68
-17.1, 233.61, 84.6
-20.14, 233.13, 84.6
-20.16, 233.23, 88.48
-23.15, 232.68, 88.48
-23.15, 232.66, 92.31
-26.18, 232.02, 92.31
-26.14, 231.87, 96.13
-29.15, 231.17, 96.13
-29.07, 230.88, 99.88
-32.1, 230.39, 96.13
1.0, 233.45, 69.08
1.0, 234.27, 75.77
-1.98, 234.33, 76.68
1.0, 234.81, 82.37
-1.99, 234.89, 84.6
1.0, 235.04, 88.84
-2.0, 235.0, 88.48
-2.0, 234.98, 92.31
-5.01, 234.89, 88.48
-5.01, 234.87, 92.31
-8.02, 234.71, 88.48
-8.02, 234.69, 92.31
-11.05, 234.45, 88.48
-11.05, 234.43, 92.31
-14.09, 234.1, 92.31
-14.07, 233.95, 96.13
-17.09, 233.54, 96.13
-17.05, 233.25, 99.88
-20.07, 232.77, 99.88
1.0, 234.91, 95.14
-1.99, 234.82, 96.13
-5.0, 234.72, 96.13
-8.01, 234.53, 96.13
-11.03, 234.28, 96.13
-14.03, 233.65, 99.88
-1.99, 234.52, 99.88
1.0, 234.41, 101.26
-1.98, 234.08, 103.55
1.0, 233.5, 107.15
-1.96, 233.47, 107.13
1.0, 232.89, 110.0
-1.94, 232.7, 110.62
-7.79, 231.49, 114.01
-10.74, 231.24, 114.01
-10.63, 230.14, 117.3
-13.56, 229.82, 117.3
-16.48, 229.43, 117.3
-16.3, 228.17, 120.48
-19.19, 227.71, 120.48
-21.79, 225.75, 123.55
-22.07, 227.18, 120.48
-19.41, 228.97, 117.3
-16.64, 230.52, 114.01
-13.69, 230.92, 114.01
-13.81, 231.84, 110.62
-10.83, 232.17, 110.62
-24.64, 225.15, 123.55
-27.48, 224.48, 123.55
-30.3, 223.74, 123.55
-33.11, 222.93, 123.55
-35.9, 222.05, 123.55
-35.39, 220.5, 126.51
-8.52, 188.32, -63.51
-9.05, 192.69, -54.06
-9.57, 196.91, -44.55
-10.18, 201.92, -32.68
-14.25, 187.41, -63.51
-54.74, 213.97, 123.55
-49.51, 216.61, 123.55
-44.15, 218.99, 123.55
-45.97, 223.4, 110.62
-37.94, 228.32, 99.88
-37.81, 227.89, 103.55
-34.89, 228.81, 103.55
-37.62, 227.31, 107.13
-34.71, 228.23, 107.13
-31.75, 229.08, 107.13
-37.38, 226.58, 110.62
-34.49, 227.5, 110.62
-31.55, 228.34, 110.62
-28.63, 229.11, 110.62
-37.09, 225.7, 114.01
-34.22, 226.6, 114.01
-31.31, 227.44, 114.01
-28.41, 228.2, 114.01
-25.68, 229.8, 110.62
-36.75, 224.65, 117.3
-33.9, 225.55, 117.3
-31.02, 226.38, 117.3
-28.14, 227.13, 117.3
-25.48, 228.89, 114.01
-22.71, 230.43, 110.62
-36.35, 223.43, 120.48
-33.53, 224.32, 120.48
-30.68, 225.15, 120.48
-27.83, 225.89, 120.48
-25.24, 227.82, 117.3
-22.53, 229.51, 114.01
-19.76, 230.97, 110.62
-24.96, 226.57, 120.48
-22.32, 228.43, 117.3
-19.6, 230.05, 114.01
-16.78, 231.44, 110.62
-26.08, 231.58, 99.88
-23.12, 232.51, 96.13
-20.15, 233.21, 92.31
-17.12, 233.71, 88.48
-14.08, 234.01, 84.6
-10.98, 233.79, 76.68
-7.98, 234.04, 76.68
-4.97, 234.22, 76.68
-23.06, 232.21, 99.88
-20.12, 233.06, 96.13
-17.11, 233.7, 92.31
-14.09, 234.12, 88.48
-11.04, 234.35, 84.6
-8.02, 234.6, 84.6
-5.0, 234.78, 84.6
-11.0, 233.98, 99.88
-7.99, 234.24, 99.88
-4.98, 234.42, 99.88
-7.18, 222.97, 25.02
-7.96, 233.79, 103.55
-4.93, 233.36, 107.13
-25.53, 184.3, -63.51
-27.01, 188.44, -54.06
-2.79, 188.8, -63.51
-3.0, 193.2, -54.06
-3.21, 197.45, -44.55
-3.45, 202.5, -32.68
-3.68, 207.36, -20.56
-3.91, 212.08, -8.1
-4.13, 216.65, 4.8
-4.44, 223.14, 25.02
-4.96, 233.97, 103.55
68.01, 191.37, 139.54
67.58, 195.0, 137.18
66.9, 198.5, 134.69
63.69, 203.44, 132.08
61.39, 204.95, 132.08
62.45, 206.64, 129.36
60.04, 208.13, 129.36
63.42, 208.17, 126.51
60.97, 209.69, 126.51
64.3, 209.55, 123.55
61.82, 211.09, 123.55
62.57, 212.33, 120.48
60.01, 213.83, 120.48
60.65, 214.94, 117.3
58.03, 216.38, 117.3
58.55, 217.35, 114.01
55.87, 218.75, 114.01
53.55, 220.92, 110.62
50.77, 222.19, 110.62
50.4, 221.34, 114.01
47.97, 223.4, 110.62
47.61, 222.53, 114.01
45.14, 224.53, 110.62
44.8, 223.66, 114.01
42.28, 225.59, 110.62
41.96, 224.71, 114.01
39.39, 226.58, 110.62
39.1, 225.69, 114.01
36.22, 226.6, 114.01
35.9, 225.55, 117.3
33.32, 227.44, 114.01
33.03, 226.38, 117.3
30.4, 228.2, 114.01
30.14, 227.13, 117.3
27.23, 227.82, 117.3
26.95, 226.57, 120.48
24.07, 227.18, 120.48
23.79, 225.75, 123.55
20.94, 226.27, 123.55
57.59, 209.56, 129.36
58.49, 211.14, 126.51
55.96, 212.53, 126.51
56.74, 213.97, 123.55
54.14, 215.33, 123.55
54.79, 216.62, 120.48
51.53, 216.6, 123.55
52.14, 217.92, 120.48
48.84, 217.84, 123.55
49.43, 219.16, 120.48
46.7, 220.33, 120.48
47.19, 221.52, 117.3
44.4, 222.63, 117.3
53.4, 213.87, 126.51
50.83, 215.13, 126.51
48.18, 216.34, 126.51
46.15, 218.99, 123.55
43.95, 221.44, 120.48
41.59, 223.67, 117.3
45.52, 217.48, 126.51
42.83, 218.56, 126.51
40.12, 219.56, 126.51
37.39, 220.5, 126.51
34.64, 221.37, 126.51
37.9, 222.05, 123.55
35.11, 222.93, 123.55
38.36, 223.43, 120.48
35.53, 224.32, 120.48
38.76, 224.65, 117.3
32.3, 223.74, 123.55
29.48, 224.48, 123.55
29.83, 225.89, 120.48
26.64, 225.15, 123.55
18.3, 228.17, 120.48
21.19, 227.71, 120.48
15.4, 228.55, 120.48
15.56, 229.82, 117.3
12.63, 230.14, 117.3
12.74, 231.24, 114.01
9.79, 231.49, 114.01
9.86, 232.42, 110.62
6.88, 232.6, 110.62
6.92, 233.36, 107.13
3.96, 233.47, 107.13
3.98, 234.08, 103.55
9.71, 230.39, 117.3
6.84, 231.67, 114.01
3.92, 231.77, 114.01
3.94, 232.7, 110.62
3.99, 234.52, 99.88
3.99, 234.82, 96.13
4.0, 234.98, 92.31
6.99, 234.72, 96.13
7.0, 234.87, 92.31
10.01, 234.53, 96.13
10.02, 234.69, 92.31
13.03, 234.28, 96.13
13.05, 234.43, 92.31
16.06, 233.95, 96.13
16.08, 234.1, 92.31
19.09, 233.54, 96.13
19.12, 233.7, 92.31
22.09, 233.06, 96.13
22.12, 233.22, 92.31
25.15, 232.66, 92.31
25.15, 232.68, 88.48
28.16, 232.05, 88.48
28.14, 231.94, 84.6
25.13, 232.58, 84.6
22.1, 233.13, 84.6
22.12, 233.24, 88.48
19.11, 233.61, 84.6
19.12, 233.71, 88.48
16.07, 234.02, 84.6
16.08, 234.12, 88.48
13.04, 234.35, 84.6
13.05, 234.45, 88.48
10.02, 234.6, 84.6
10.02, 234.71, 88.48
6.99, 234.78, 84.6
7.0, 234.89, 88.48
3.99, 234.89, 84.6
4.0, 235.0, 88.48
3.98, 234.33, 76.68
6.96, 234.22, 76.68
9.98, 234.04, 76.68
12.98, 233.79, 76.68
16.01, 233.46, 76.68
19.03, 233.05, 76.68
22.0, 232.58, 76.68
18.89, 232.08, 68.62
15.89, 232.48, 68.62
15.73, 231.15, 60.46
12.76, 231.47, 60.46
12.64, 230.27, 54.32
12.51, 228.92, 48.18
9.62, 229.16, 48.18
9.4, 226.09, 36.0
6.58, 226.26, 36.0
6.42, 222.84, 24.03
3.71, 222.94, 24.03
3.62, 219.28, 12.38
3.96, 233.35, 68.62
6.92, 233.24, 68.62
9.91, 233.06, 68.62
12.89, 232.81, 68.62
3.93, 232.0, 60.46
3.9, 230.79, 54.32
3.86, 229.44, 48.18
3.79, 226.36, 36.0
3.53, 215.62, 1.55
3.44, 211.85, -8.95
3.35, 207.99, -19.18
3.25, 204.02, -29.16
3.16, 199.94, -38.95
3.06, 195.73, -48.61
2.95, 191.38, -58.18
5.12, 195.66, -48.61
4.91, 191.31, -58.18
7.19, 195.53, -48.61
6.87, 191.19, -58.18
9.26, 195.36, -48.61
8.84, 191.02, -58.18
10.82, 190.8, -58.18
10.27, 186.33, -67.69
12.14, 186.08, -67.69
11.62, 182.53, -75.0
13.39, 182.25, -75.0
11.89, 178.76, -82.29
15.17, 181.92, -75.0
17.25, 177.7, -82.29
16.93, 181.55, -75.0
18.69, 181.14, -75.0
19.56, 184.62, -67.69
20.45, 180.67, -75.0
21.4, 184.13, -67.69
22.19, 180.17, -75.0
23.23, 183.6, -67.69
25.05, 183.03, -67.69
26.46, 187.31, -58.18
28.37, 186.66, -58.18
29.84, 190.76, -48.61
31.84, 190.02, -48.61
32.15, 185.2, -58.18
34.01, 184.41, -58.18
30.42, 181.04, -67.69
32.18, 180.28, -67.69
29.05, 177.72, -75.0
30.73, 177.0, -75.0
27.64, 174.32, -82.29
32.38, 176.24, -75.0
32.61, 172.03, -82.29
34.02, 175.45, -75.0
35.63, 174.61, -75.0
37.33, 177.77, -67.69
38.99, 176.85, -67.69
40.64, 175.88, -67.69
40.33, 171.86, -75.0
41.84, 170.87, -75.0
37.38, 169.36, -82.29
41.92, 166.32, -82.29
2.84, 186.87, -67.69
4.69, 186.8, -67.69
6.55, 186.69, -67.69
8.41, 186.53, -67.69
9.84, 182.77, -75.0
2.76, 183.28, -75.0
4.52, 183.22, -75.0
6.29, 183.11, -75.0
8.06, 182.96, -75.0
6.46, 179.4, -82.29
22.51, 176.21, -82.29
23.93, 179.62, -75.0
26.86, 182.41, -67.69
30.27, 185.95, -58.18
25.65, 179.03, -75.0
27.36, 178.4, -75.0
37.22, 173.73, -75.0
38.79, 172.81, -75.0
46.21, 162.94, -82.29
44.78, 168.79, -75.0
35.63, 178.65, -67.69
35.85, 183.56, -58.18
33.92, 179.49, -67.69
29.14, 195.45, -38.95
27.01, 196.12, -38.95
24.88, 196.74, -38.95
23.69, 201.27, -29.16
22.71, 197.31, -38.95
20.56, 197.81, -38.95
19.64, 193.7, -48.61
18.4, 198.27, -38.95
17.58, 194.14, -48.61
16.2, 198.67, -38.95
15.49, 194.52, -48.61
14.04, 199.02, -38.95
13.42, 194.85, -48.61
11.85, 199.31, -38.95
11.34, 195.13, -48.61
9.67, 199.55, -38.95
21.45, 201.8, -29.16
19.19, 202.27, -29.16
16.89, 202.7, -29.16
14.63, 203.06, -29.16
12.35, 203.36, -29.16
10.06, 203.61, -29.16
7.49, 199.73, -38.95
22.31, 205.67, -19.18
19.96, 206.17, -19.18
17.56, 206.61, -19.18
18.22, 210.42, -8.95
15.77, 210.81, -8.95
16.32, 214.54, 1.55
13.75, 214.88, 1.55
14.19, 218.51, 12.38
11.53, 218.8, 12.38
11.89, 222.45, 24.03
12.22, 225.86, 36.0
9.15, 222.68, 24.03
6.25, 219.18, 12.38
31.18, 231.34, 88.48
28.16, 232.03, 92.31
31.18, 231.32, 92.31
28.13, 231.88, 96.13
31.14, 231.17, 96.13
28.06, 231.58, 99.88
31.07, 230.88, 99.88
27.97, 231.15, 103.55
30.96, 230.44, 103.55
27.84, 230.55, 107.13
30.81, 229.85, 107.13
27.67, 229.81, 110.62
30.63, 229.11, 110.62
27.47, 228.9, 114.01
34.18, 230.53, 92.31
34.14, 230.38, 96.13
37.1, 229.53, 96.13
37.01, 229.24, 99.88
40.06, 228.59, 96.13
39.96, 228.31, 99.88
42.89, 227.31, 99.88
42.74, 226.88, 103.55
45.63, 225.81, 103.55
45.41, 225.24, 107.13
48.26, 224.1, 107.13
48.5, 224.66, 103.55
51.09, 222.89, 107.13
65.82, 206.61, 126.51
64.81, 205.1, 129.36
59.3, 212.56, 123.55
57.42, 215.26, 120.48
55.37, 217.76, 117.3
52.69, 219.08, 117.3
53.16, 220.08, 114.01
49.95, 220.33, 117.3
43.42, 220.08, 123.55
41.16, 222.47, 120.48
40.67, 221.1, 123.55
42.53, 226.31, 107.13
39.63, 227.31, 107.13
36.49, 227.5, 110.62
33.57, 228.34, 110.62
39.82, 227.88, 103.55
36.88, 228.81, 103.55
34.06, 230.09, 99.88
36.71, 228.23, 107.13
33.78, 229.08, 107.13
33.94, 229.66, 103.55
32.69, 225.14, 120.48
24.32, 228.43, 117.3
24.53, 229.51, 114.01
21.4, 228.97, 117.3
18.48, 229.43, 117.3
24.71, 230.43, 110.62
21.59, 230.05, 114.01
18.64, 230.52, 114.01
15.69, 230.92, 114.01
24.86, 231.18, 107.13
21.74, 230.97, 110.62
18.78, 231.44, 110.62
15.8, 231.84, 110.62
12.83, 232.17, 110.62
24.97, 231.77, 103.55
21.87, 231.73, 107.13
18.89, 232.2, 107.13
15.9, 232.6, 107.13
12.9, 232.93, 107.13
9.91, 233.18, 107.13
25.06, 232.21, 99.88
21.97, 232.33, 103.55
18.98, 232.8, 103.55
15.97, 233.2, 103.55
12.96, 233.53, 103.55
9.96, 233.79, 103.55
6.95, 233.97, 103.55
25.12, 232.51, 96.13
22.05, 232.77, 99.88
19.05, 233.25, 99.88
16.03, 233.65, 99.88
13.0, 233.98, 99.88
9.99, 234.24, 99.88
6.97, 234.42, 99.88
12.79, 190.54, -58.18
14.76, 190.23, -58.18
16.73, 189.86, -58.18
18.69, 189.45, -58.18
21.69, 193.22, -48.61
23.76, 192.68, -48.61
25.79, 192.09, -48.61
12.83, 207.3, -19.18
10.45, 207.56, -19.18
10.82, 211.41, -8.95
8.07, 207.76, -19.18
8.35, 211.62, -8.95
5.71, 207.9, -19.18
5.89, 211.77, -8.95
13.3, 211.14, -8.95
11.18, 215.16, 1.55
8.63, 215.38, 1.55
6.07, 215.53, 1.55
15.21, 206.98, -19.18
8.89, 219.02, 12.38
9.81, 231.72, 60.46
6.85, 231.9, 60.46
9.72, 230.51, 54.32
6.8, 230.69, 54.32
7.79, 203.8, -29.16
5.32, 199.86, -38.95
6.73, 229.33, 48.18
5.52, 203.94, -29.16
14.0, 185.78, -67.69
15.86, 185.44, -67.69
17.71, 185.05, -67.69
20.64, 188.99, -58.18
22.6, 188.48, -58.18
24.54, 187.92, -58.18
27.82, 191.45, -48.61
28.65, 181.75, -67.69
36.79, 140.87, -126.64
38.72, 144.72, -122.67
41.42, 147.21, -118.38
43.86, 149.45, -113.82
46.02, 151.44, -109.01
47.88, 153.16, -103.97
49.45, 154.6, -98.75
50.7, 155.75, -93.37
51.62, 156.6, -87.87
54.13, 154.99, -82.29
55.3, 152.26, -87.87
57.66, 150.45, -82.29
58.6, 147.63, -87.87
60.81, 145.64, -82.29
61.51, 142.75, -87.87
63.55, 140.58, -82.29
64.01, 137.64, -87.87
65.86, 135.31, -82.29
66.08, 132.34, -87.87
67.72, 129.86, -82.29
67.7, 126.89, -87.87
69.14, 124.29, -82.29
68.87, 121.33, -87.87
70.08, 118.61, -82.29
69.57, 115.68, -87.87
70.56, 112.88, -82.29
69.81, 110.0, -87.87
70.56, 107.12, -82.29
69.57, 104.32, -87.87
70.08, 101.39, -82.29
68.87, 98.67, -87.87
69.14, 95.71, -82.29
67.7, 93.11, -87.87
67.72, 90.14, -82.29
66.08, 87.66, -87.87
65.86, 84.69, -82.29
64.01, 82.36, -87.87
63.55, 79.42, -82.29
61.51, 77.25, -87.87
60.81, 74.36, -82.29
58.6, 72.37, -87.87
57.66, 69.55, -82.29
55.3, 67.74, -87.87
54.13, 65.01, -82.29
51.62, 63.4, -87.87
50.23, 60.77, -82.29
47.6, 59.38, -87.87
45.99, 56.87, -82.29
43.26, 55.7, -87.87
41.45, 53.34, -82.29
38.63, 52.4, -87.87
36.64, 50.19, -82.29
33.75, 49.49, -87.87
31.58, 47.45, -82.29
28.64, 46.99, -87.87
26.31, 45.14, -82.29
23.34, 44.92, -87.87
20.86, 43.28, -82.29
17.89, 43.3, -87.87
15.29, 41.86, -82.29
12.33, 42.13, -87.87
9.61, 40.92, -82.29
6.68, 41.43, -87.87
3.88, 40.44, -82.29
1.0, 41.19, -87.87
-1.88, 40.44, -82.29
-4.68, 41.43, -87.87
-7.61, 40.92, -82.29
-10.33, 42.13, -87.87
-13.29, 41.86, -82.29
-15.89, 43.3, -87.87
-18.86, 43.28, -82.29
-21.34, 44.92, -87.87
-24.31, 45.14, -82.29
-26.64, 46.99, -87.87
-29.58, 47.45, -82.29
-31.75, 49.49, -87.87
-34.64, 50.19, -82.29
-36.63, 52.4, -87.87
-39.45, 53.34, -82.29
-41.26, 55.7, -87.87
-43.99, 56.87, -82.29
-45.6, 59.38, -87.87
-48.23, 60.77, -82.29
-49.62, 63.4, -87.87
-52.13, 65.01, -82.29
-53.3, 67.74, -87.87
-55.66, 69.55, -82.29
-56.6, 72.37, -87.87
-58.81, 74.36, -82.29
-59.51, 77.25, -87.87
-61.55, 79.42, -82.29
-62.01, 82.36, -87.87
-63.86, 84.69, -82.29
-64.08, 87.66, -87.87
-65.72, 90.14, -82.29
-65.7, 93.11, -87.87
-67.14, 95.71, -82.29
-66.87, 98.67, -87.87
-68.08, 101.39, -82.29
-67.57, 104.32, -87.87
-68.56, 107.12, -82.29
-67.81, 110.0, -87.87
-68.56, 112.88, -82.29
-67.57, 115.68, -87.87
-68.08, 118.61, -82.29
-66.87, 121.33, -87.87
-67.14, 124.29, -82.29
-65.7, 126.89, -87.87
-65.72, 129.86, -82.29
-64.08, 132.34, -87.87
-63.86, 135.31, -82.29
-62.01, 137.64, -87.87
-61.55, 140.58, -82.29
-59.51, 142.75, -87.87
-58.81, 145.64, -82.29
-56.6, 147.63, -87.87
-55.66, 150.45, -82.29
-53.3, 152.26, -87.87
-52.13, 154.99, -82.29
-49.62, 156.6, -87.87
-48.7, 155.75, -93.37
-52.3, 151.49, -93.37
-55.55, 146.94, -93.37
-58.41, 142.15, -93.37
-60.86, 137.13, -93.37
-62.89, 131.93, -93.37
-64.48, 126.58, -93.37
-65.63, 121.12, -93.37
-66.32, 115.58, -93.37
-66.55, 110.0, -93.37
-66.32, 104.42, -93.37
-65.63, 98.88, -93.37
-64.48, 93.42, -93.37
-62.89, 88.07, -93.37
-60.86, 82.87, -93.37
-58.41, 77.85, -93.37
-55.55, 73.06, -93.37
-52.3, 68.51, -93.37
-48.7, 64.25, -93.37
-44.75, 60.3, -93.37
-40.49, 56.7, -93.37
-35.94, 53.45, -93.37
-31.15, 50.59, -93.37
-26.13, 48.14, -93.37
-20.93, 46.11, -93.37
-15.58, 44.52, -93.37
-10.12, 43.37, -93.37
-4.58, 42.68, -93.37
1.0, 42.45, -93.37
6.58, 42.68, -93.37
12.12, 43.37, -93.37
17.58, 44.52, -93.37
22.93, 46.11, -93.37
28.13, 48.14, -93.37
33.15, 50.59, -93.37
37.94, 53.45, -93.37
42.49, 56.7, -93.37
46.75, 60.3, -93.37
50.7, 64.25, -93.37
54.3, 68.51, -93.37
57.55, 73.06, -93.37
60.41, 77.85, -93.37
62.86, 82.87, -93.37
64.89, 88.07, -93.37
66.48, 93.42, -93.37
67.63, 98.88, -93.37
68.32, 104.42, -93.37
68.55, 110.0, -93.37
68.32, 115.58, -93.37
67.63, 121.12, -93.37
66.48, 126.58, -93.37
64.89, 131.93, -93.37
62.86, 137.13, -93.37
60.41, 142.15, -93.37
57.55, 146.94, -93.37
54.3, 151.49, -93.37
-47.45, 154.6, -98.75
-50.96, 150.45, -98.75
-54.13, 146.02, -98.75
-56.91, 141.34, -98.75
-59.3, 136.45, -98.75
-61.28, 131.38, -98.75
-62.83, 126.16, -98.75
-63.95, 120.84, -98.75
-64.62, 115.44, -98.75
-64.85, 110.0, -98.75
-64.62, 104.56, -98.75
-63.95, 99.16, -98.75
-62.83, 93.84, -98.75
-61.28, 88.62, -98.75
-59.3, 83.55, -98.75
-56.91, 78.66, -98.75
-54.13, 73.98, -98.75
-50.96, 69.55, -98.75
-47.45, 65.4, -98.75
-43.6, 61.55, -98.75
-39.45, 58.04, -98.75
-35.02, 54.87, -98.75
-30.34, 52.09, -98.75
-25.45, 49.7, -98.75
-20.38, 47.72, -98.75
-15.16, 46.17, -98.75
-9.84, 45.05, -98.75
-4.44, 44.38, -98.75
1.0, 44.15, -98.75
6.44, 44.38, -98.75
11.84, 45.05, -98.75
17.16, 46.17, -98.75
22.38, 47.72, -98.75
27.45, 49.7, -98.75
32.34, 52.09, -98.75
37.02, 54.87, -98.75
41.45, 58.04, -98.75
45.6, 61.55, -98.75
49.45, 65.4, -98.75
52.96, 69.55, -98.75
56.13, 73.98, -98.75
58.91, 78.66, -98.75
61.3, 83.55, -98.75
63.28, 88.62, -98.75
64.83, 93.84, -98.75
65.95, 99.16, -98.75
66.62, 104.56, -98.75
66.85, 110.0, -98.75
66.62, 115.44, -98.75
65.95, 120.84, -98.75
64.83, 126.16, -98.75
63.28, 131.38, -98.75
61.3, 136.45, -98.75
58.91, 141.34, -98.75
56.13, 146.02, -98.75
52.96, 150.45, -98.75
-45.88, 153.16, -103.97
-49.29, 149.14, -103.97
-52.35, 144.85, -103.97
-55.04, 140.33, -103.97
-57.36, 135.6, -103.97
-59.27, 130.69, -103.97
-60.77, 125.64, -103.97
-61.85, 120.49, -103.97
-62.51, 115.26, -103.97
-62.72, 110.0, -103.97
-62.51, 104.74, -103.97
-61.85, 99.51, -103.97
-60.77, 94.36, -103.97
-59.27, 89.31, -103.97
-57.36, 84.4, -103.97
-55.04, 79.67, -103.97
-52.35, 75.15, -103.97
-49.29, 70.86, -103.97
-45.88, 66.84, -103.97
-42.16, 63.12, -103.97
-38.14, 59.71, -103.97
-33.85, 56.65, -103.97
-29.33, 53.96, -103.97
-24.6, 51.64, -103.97
-19.69, 49.73, -103.97
-14.64, 48.23, -103.97
-9.49, 47.15, -103.97
-4.26, 46.49, -103.97
1.0, 46.28, -103.97
6.26, 46.49, -103.97
11.49, 47.15, -103.97
16.64, 48.23, -103.97
21.69, 49.73, -103.97
26.6, 51.64, -103.97
31.33, 53.96, -103.97
35.85, 56.65, -103.97
40.14, 59.71, -103.97
44.16, 63.12, -103.97
47.88, 66.84, -103.97
51.29, 70.86, -103.97
54.35, 75.15, -103.97
57.04, 79.67, -103.97
59.36, 84.4, -103.97
61.27, 89.31, -103.97
62.77, 94.36, -103.97
63.85, 99.51, -103.97
64.51, 104.74, -103.97
64.72, 110.0, -103.97
64.51, 115.26, -103.97
63.85, 120.49, -103.97
62.77, 125.64, -103.97
61.27, 130.69, -103.97
59.36, 135.6, -103.97
57.04, 140.33, -103.97
54.35, 144.85, -103.97
51.29, 149.14, -103.97
-44.02, 151.44, -109.01
-47.28, 147.58, -109.01
-50.22, 143.46, -109.01
-52.81, 139.12, -109.01
-55.03, 134.58, -109.01
-56.87, 129.87, -109.01
-58.31, 125.02, -109.01
-59.35, 120.07, -109.01
-59.98, 115.05, -109.01
-60.18, 110.0, -109.01
-59.98, 104.95, -109.01
-59.35, 99.93, -109.01
-58.31, 94.98, -109.01
-56.87, 90.13, -109.01
-55.03, 85.42, -109.01
-52.81, 80.88, -109.01
-50.22, 76.54, -109.01
-47.28, 72.42, -109.01
-44.02, 68.56, -109.01
-40.44, 64.98, -109.01
-36.58, 61.72, -109.01
-32.46, 58.78, -109.01
-28.12, 56.19, -109.01
-23.58, 53.97, -109.01
-18.87, 52.13, -109.01
-14.02, 50.69, -109.01
-9.07, 49.65, -109.01
-4.05, 49.02, -109.01
1.0, 48.82, -109.01
6.05, 49.02, -109.01
11.07, 49.65, -109.01
16.02, 50.69, -109.01
20.87, 52.13, -109.01
25.58, 53.97, -109.01
30.12, 56.19, -109.01
34.46, 58.78, -109.01
38.58, 61.72, -109.01
42.44, 64.98, -109.01
46.02, 68.56, -109.01
49.28, 72.42, -109.01
52.22, 76.54, -109.01
54.81, 80.88, -109.01
57.03, 85.42, -109.01
58.87, 90.13, -109.01
60.31, 94.98, -109.01
61.35, 99.93, -109.01
61.98, 104.95, -109.01
62.18, 110.0, -109.01
61.98, 115.05, -109.01
61.35, 120.07, -109.01
60.31, 125.02, -109.01
58.87, 129.87, -109.01
57.03, 134.58, -109.01
54.81, 139.12, -109.01
52.22, 143.46, -109.01
49.28, 147.58, -109.01
-41.86, 149.45, -113.82
-44.97, 145.78, -113.82
-47.76, 141.86, -113.82
-50.23, 137.72, -113.82
-52.34, 133.4, -113.82
-54.09, 128.91, -113.82
-55.47, 124.3, -113.82
-56.45, 119.59, -113.82
-57.05, 114.81, -113.82
-57.25, 110.0, -113.82
-57.05, 105.19, -113.82
-56.45, 100.41, -113.82
-55.47, 95.7, -113.82
-54.09, 91.09, -113.82
-52.34, 86.6, -113.82
-50.23, 82.28, -113.82
-47.76, 78.14, -113.82
-44.97, 74.22, -113.82
-41.86, 70.55, -113.82
-38.45, 67.14, -113.82
-34.78, 64.03, -113.82
-30.86, 61.24, -113.82
-26.72, 58.77, -113.82
-22.4, 56.66, -113.82
-17.91, 54.91, -113.82
-13.3, 53.53, -113.82
-8.59, 52.55, -113.82
-3.81, 51.95, -113.82
1.0, 51.75, -113.82
5.81, 51.95, -113.82
10.59, 52.55, -113.82
15.3, 53.53, -113.82
19.91, 54.91, -113.82
24.4, 56.66, -113.82
28.72, 58.77, -113.82
32.86, 61.24, -113.82
36.78, 64.03, -113.82
40.45, 67.14, -113.82
43.86, 70.55, -113.82
46.97, 74.22, -113.82
49.76, 78.14, -113.82
52.23, 82.28, -113.82
54.34, 86.6, -113.82
56.09, 91.09, -113.82
57.47, 95.7, -113.82
58.45, 100.41, -113.82
59.05, 105.19, -113.82
59.25, 110.0, -113.82
59.05, 114.81, -113.82
58.45, 119.59, -113.82
57.47, 124.3, -113.82
56.09, 128.91, -113.82
54.34, 133.4, -113.82
52.23, 137.72, -113.82
49.76, 141.86, -113.82
46.97, 145.78, -113.82
-39.42, 147.21, -118.38
-42.35, 143.74, -118.38
-44.99, 140.05, -118.38
-47.31, 136.15, -118.38
-49.31, 132.07, -118.38
-50.96, 127.84, -118.38
-52.25, 123.49, -118.38
-53.19, 119.04, -118.38
-53.75, 114.54, -118.38
-53.93, 110.0, -118.38
-53.75, 105.46, -118.38
-53.19, 100.96, -118.38
-52.25, 96.51, -118.38
-50.96, 92.16, -118.38
-49.31, 87.93, -118.38
-47.31, 83.85, -118.38
-44.99, 79.95, -118.38
-42.35, 76.26, -118.38
-39.42, 72.79, -118.38
-36.21, 69.58, -118.38
-32.74, 66.65, -118.38
-29.05, 64.01, -118.38
-25.15, 61.69, -118.38
-21.07, 59.69, -118.38
-16.84, 58.04, -118.38
-12.49, 56.75, -118.38
-8.04, 55.81, -118.38
-3.54, 55.25, -118.38
1.0, 55.07, -118.38
5.54, 55.25, -118.38
10.04, 55.81, -118.38
14.49, 56.75, -118.38
18.84, 58.04, -118.38
23.07, 59.69, -118.38
27.15, 61.69, -118.38
31.05, 64.01, -118.38
34.74, 66.65, -118.38
38.21, 69.58, -118.38
41.42, 72.79, -118.38
44.35, 76.26, -118.38
46.99, 79.95, -118.38
49.31, 83.85, -118.38
51.31, 87.93, -118.38
52.96, 92.16, -118.38
54.25, 96.51, -118.38
55.19, 100.96, -118.38
55.75, 105.46, -118.38
55.93, 110.0, -118.38
55.75, 114.54, -118.38
55.19, 119.04, -118.38
54.25, 123.49, -118.38
52.96, 127.84, -118.38
51.31, 132.07, -118.38
49.31, 136.15, -118.38
46.99, 140.05, -118.38
44.35, 143.74, -118.38
-36.72, 144.72, -122.67
-39.45, 141.49, -122.67
-41.92, 138.04, -122.67
-44.09, 134.4, -122.67
-45.95, 130.59, -122.67
-47.49, 126.65, -122.67
-48.7, 122.58, -122.67
-49.57, 118.44, -122.67
-50.09, 114.23, -122.67
-50.26, 110.0, -122.67
-50.09, 105.77, -122.67
-49.57, 101.56, -122.67
-48.7, 97.42, -122.67
-47.49, 93.35, -122.67
-45.95, 89.41, -122.67
-44.09, 85.6, -122.67
-41.92, 81.96, -122.67
-39.45, 78.51, -122.67
-36.72, 75.28, -122.67
-33.72, 72.28, -122.67
-30.49, 69.55, -122.67
-27.04, 67.08, -122.67
-23.4, 64.91, -122.67
-19.59, 63.05, -122.67
-15.65, 61.51, -122.67
-11.58, 60.3, -122.67
-7.44, 59.43, -122.67
-3.23, 58.91, -122.67
1.0, 58.74, -122.67
5.23, 58.91, -122.67
9.44, 59.43, -122.67
13.58, 60.3, -122.67
17.65, 61.51, -122.67
21.59, 63.05, -122.67
25.4, 64.91, -122.67
29.04, 67.08, -122.67
32.49, 69.55, -122.67
35.72, 72.28, -122.67
38.72, 75.28, -122.67
41.45, 78.51, -122.67
43.92, 81.96, -122.67
46.09, 85.6, -122.67
47.95, 89.41, -122.67
49.49, 93.35, -122.67
50.7, 97.42, -122.67
51.57, 101.56, -122.67
52.09, 105.77, -122.67
52.26, 110.0, -122.67
52.09, 114.23, -122.67
51.57, 118.44, -122.67
50.7, 122.58, -122.67
49.49, 126.65, -122.67
47.95, 130.59, -122.67
46.09, 134.4, -122.67
43.92, 138.04, -122.67
41.45, 141.49, -122.67
-34.79, 140.87, -126.64
-36.96, 138.15, -126.64
-38.93, 135.28, -126.64
-40.68, 132.28, -126.64
-42.21, 129.15, -126.64
-43.5, 125.92, -126.64
-32.42, 143.42, -126.64
-32.17, 143.67, -126.64
-28.76, 146.71, -126.64
-25.09, 149.41, -126.64
-30.49, 150.45, -122.67
-27.04, 152.92, -122.67
-32.74, 153.35, -118.38
-29.05, 155.99, -118.38
-34.78, 155.97, -113.82
-30.86, 158.76, -113.82
-36.58, 158.28, -109.01
-32.46, 161.22, -109.01
-28.12, 163.81, -109.01
-23.58, 166.03, -109.01
-18.87, 167.87, -109.01
-14.02, 169.31, -109.01
-9.07, 170.35, -109.01
-4.05, 170.98, -109.01
1.0, 171.18, -109.01
6.05, 170.98, -109.01
11.07, 170.35, -109.01
16.02, 169.31, -109.01
20.87, 167.87, -109.01
25.58, 166.03, -109.01
30.12, 163.81, -109.01
34.46, 161.22, -109.01
38.58, 158.28, -109.01
36.78, 155.97, -113.82
32.86, 158.76, -113.82
28.72, 161.23, -113.82
24.4, 163.34, -113.82
19.91, 165.09, -113.82
15.3, 166.47, -113.82
10.59, 167.45, -113.82
5.81, 168.05, -113.82
1.0, 168.25, -113.82
-3.81, 168.05, -113.82
-8.59, 167.45, -113.82
-13.3, 166.47, -113.82
-17.91, 165.09, -113.82
-22.4, 163.34, -113.82
-26.72, 161.23, -113.82
34.74, 153.35, -118.38
31.05, 155.99, -118.38
27.15, 158.31, -118.38
23.07, 160.31, -118.38
18.84, 161.96, -118.38
14.49, 163.25, -118.38
10.04, 164.19, -118.38
5.54, 164.75, -118.38
1.0, 164.93, -118.38
-3.54, 164.75, -118.38
-8.04, 164.19, -118.38
-12.49, 163.25, -118.38
-16.84, 161.96, -118.38
-21.07, 160.31, -118.38
-25.15, 158.31, -118.38
32.49, 150.45, -122.67
29.04, 152.92, -122.67
25.4, 155.09, -122.67
21.59, 156.95, -122.67
17.65, 158.49, -122.67
13.58, 159.7, -122.67
9.44, 160.57, -122.67
5.23, 161.09, -122.67
1.0, 161.26, -122.67
-3.23, 161.09, -122.67
-7.44, 160.57, -122.67
-11.58, 159.7, -122.67
-15.65, 158.49, -122.67
-19.59, 156.95, -122.67
-23.4, 155.09, -122.67
26.68, 149.67, -126.64
30.39, 147.01, -126.64
22.74, 151.97, -126.64
18.59, 153.87, -126.64
14.28, 155.36, -126.64
9.84, 156.43, -126.64
5.32, 157.06, -126.64
0.76, 157.26, -126.64
-3.8, 157.02, -126.64
-8.31, 156.34, -126.64
-12.74, 155.22, -126.64
-17.03, 153.69, -126.64
-21.16, 151.74, -126.64
-44.55, 122.61, -126.64
-45.35, 119.22, -126.64
-45.91, 115.79, -126.64
-46.2, 112.32, -126.64
-46.25, 108.84, -126.64
-46.03, 105.37, -126.64
-45.57, 101.92, -126.64
-44.84, 98.52, -126.64
-43.88, 95.18, -126.64
-42.66, 91.91, -126.64
-41.21, 88.75, -126.64
-39.54, 85.7, -126.64
-37.64, 82.79, -126.64
-35.53, 80.02, -126.64
-33.23, 77.41, -126.64
-30.74, 74.98, -126.64
-28.08, 72.74, -126.64
-25.26, 70.7, -126.64
-22.29, 68.88, -126.64
-19.21, 67.28, -126.64
-16.01, 65.91, -126.64
-12.72, 64.77, -126.64
-9.35, 63.89, -126.64
-5.93, 63.25, -126.64
-2.48, 62.87, -126.64
1.0, 62.74, -126.64
4.48, 62.87, -126.64
7.93, 63.25, -126.64
11.35, 63.89, -126.64
14.72, 64.77, -126.64
18.01, 65.91, -126.64
21.21, 67.28, -126.64
24.29, 68.88, -126.64
27.26, 70.7, -126.64
30.08, 72.74, -126.64
32.74, 74.98, -126.64
35.23, 77.41, -126.64
37.53, 80.02, -126.64
39.64, 82.79, -126.64
41.54, 85.7, -126.64
43.21, 88.75, -126.64
44.66, 91.91, -126.64
45.88, 95.18, -126.64
46.84, 98.52, -126.64
47.57, 101.92, -126.64
48.03, 105.37, -126.64
48.25, 108.84, -126.64
48.2, 112.32, -126.64
47.91, 115.79, -126.64
47.35, 119.22, -126.64
46.55, 122.61, -126.64
45.5, 125.92, -126.64
44.21, 129.15, -126.64
42.68, 132.28, -126.64
40.93, 135.28, -126.64
38.96, 138.15, -126.64
5.66, 155.04, -121.64
4.13, 158.45, -118.21
1.0, 155.28, -121.64
-0.04, 158.54, -118.21
-3.66, 155.04, -121.64
-4.21, 158.27, -118.21
-8.34, 157.65, -118.21
-4.54, 161.28, -114.56
-8.93, 160.61, -114.56
-4.83, 164.01, -110.7
-9.45, 163.3, -110.7
-5.1, 166.45, -106.64
-9.93, 165.72, -106.64
-9.52, 167.98, -102.42
-14.68, 166.81, -102.42
8.29, 158.0, -118.21
10.26, 154.32, -121.64
12.39, 157.2, -118.21
14.77, 153.13, -121.64
16.4, 156.05, -118.21
19.13, 151.49, -121.64
20.3, 154.55, -118.21
24.06, 152.73, -118.21
25.5, 155.39, -114.56
29.31, 153.11, -114.56
30.81, 155.41, -110.7
34.61, 152.68, -110.7
36.13, 154.61, -106.64
39.83, 151.42, -106.64
39.77, 154.38, -102.42
43.6, 150.73, -102.42
43.25, 147.93, -106.64
47.07, 146.74, -102.42
46.35, 144.16, -106.64
50.18, 142.47, -102.42
49.12, 140.13, -106.64
52.9, 137.93, -102.42
51.53, 135.88, -106.64
55.19, 133.16, -102.42
53.57, 131.45, -106.64
57.05, 128.21, -102.42
55.22, 126.85, -106.64
58.45, 123.11, -102.42
56.47, 122.12, -106.64
59.4, 117.91, -102.42
57.3, 117.31, -106.64
59.87, 112.64, -102.42
57.72, 112.44, -106.64
57.72, 107.56, -106.64
55.27, 112.34, -110.7
55.27, 107.66, -110.7
52.53, 112.22, -114.56
52.53, 107.78, -114.56
49.51, 112.09, -118.21
49.51, 107.91, -118.21
46.26, 111.17, -121.64
46.14, 106.51, -121.64
23.3, 149.4, -121.64
27.65, 150.59, -118.21
32.91, 150.52, -114.56
38.15, 149.63, -110.7
27.23, 146.9, -121.64
31.04, 148.15, -118.21
36.27, 147.63, -114.56
41.42, 146.29, -110.7
30.89, 144.01, -121.64
34.21, 145.42, -118.21
39.38, 144.46, -114.56
44.39, 142.68, -110.7
34.23, 140.76, -121.64
37.13, 142.44, -118.21
42.2, 141.03, -114.56
47.04, 138.83, -110.7
37.21, 137.18, -121.64
39.78, 139.21, -118.21
44.71, 137.37, -114.56
49.35, 134.76, -110.7
42.15, 135.77, -118.21
39.82, 133.31, -121.64
44.21, 132.14, -118.21
42.01, 129.19, -121.64
45.96, 128.34, -118.21
43.76, 124.88, -121.64
47.37, 124.41, -118.21
45.07, 120.4, -121.64
48.43, 120.37, -118.21
45.9, 115.81, -121.64
49.15, 116.24, -118.21
49.15, 103.75, -118.21
45.54, 101.88, -121.64
48.43, 99.63, -118.21
44.47, 97.35, -121.64
47.37, 95.59, -118.21
42.94, 92.94, -121.64
45.96, 91.66, -118.21
44.21, 87.86, -118.21
46.9, 86.49, -114.56
44.71, 82.63, -114.56
47.04, 81.17, -110.7
44.39, 77.32, -110.7
46.35, 75.84, -106.64
43.25, 72.07, -106.64
47.07, 73.26, -102.42
43.6, 69.27, -102.42
39.83, 68.58, -106.64
39.77, 65.62, -102.42
36.13, 65.39, -106.64
35.64, 62.32, -102.42
32.16, 62.54, -106.64
31.23, 59.41, -102.42
27.97, 60.04, -106.64
26.57, 56.9, -102.42
23.57, 57.9, -106.64
21.71, 54.83, -102.42
19.01, 56.15, -106.64
16.68, 53.19, -102.42
14.31, 54.81, -106.64
11.52, 52.02, -102.42
9.52, 53.87, -106.64
6.28, 51.31, -102.42
4.66, 53.34, -106.64
1.0, 51.07, -102.42
-0.22, 53.24, -106.64
-4.28, 51.31, -102.42
-5.1, 53.55, -106.64
-9.52, 52.02, -102.42
-9.93, 54.28, -106.64
-14.68, 53.19, -102.42
-14.68, 55.43, -106.64
-19.71, 54.83, -102.42
-19.31, 56.98, -106.64
-24.57, 56.9, -102.42
-23.79, 58.92, -106.64
-29.23, 59.41, -102.42
-28.11, 61.26, -106.64
-32.17, 63.92, -106.64
-30.74, 65.92, -110.7
-36.01, 66.95, -106.64
-34.41, 68.81, -110.7
-39.58, 70.29, -106.64
-37.82, 72.01, -110.7
-42.84, 73.92, -106.64
-40.94, 75.48, -110.7
-45.78, 77.82, -106.64
-43.76, 79.22, -110.7
-48.37, 81.96, -106.64
-46.24, 83.18, -110.7
-50.6, 86.31, -106.64
-48.37, 87.34, -110.7
-52.45, 90.84, -106.64
-50.13, 91.67, -110.7
-53.89, 95.5, -106.64
-51.52, 96.13, -110.7
-54.94, 100.27, -106.64
-52.52, 100.7, -110.7
-55.57, 105.12, -106.64
-53.12, 105.33, -110.7
-55.78, 110.0, -106.64
-53.32, 110.0, -110.7
-55.57, 114.88, -106.64
-53.12, 114.67, -110.7
-54.94, 119.73, -106.64
-52.52, 119.3, -110.7
-53.89, 124.5, -106.64
-51.52, 123.87, -110.7
-52.45, 129.16, -106.64
-50.13, 128.33, -110.7
-50.6, 133.69, -106.64
-48.37, 132.66, -110.7
-48.37, 138.04, -106.64
-46.24, 136.82, -110.7
-45.78, 142.18, -106.64
-43.76, 140.78, -110.7
-42.84, 146.08, -106.64
-40.94, 144.52, -110.7
-39.58, 149.71, -106.64
-37.82, 147.99, -110.7
-36.01, 153.05, -106.64
-34.41, 151.19, -110.7
-32.17, 156.08, -106.64
-30.74, 154.08, -110.7
-28.11, 158.74, -106.64
-26.85, 156.64, -110.7
-23.79, 161.08, -106.64
-22.72, 158.87, -110.7
-19.31, 163.02, -106.64
-18.43, 160.73, -110.7
-14.68, 164.57, -106.64
-14.0, 162.21, -110.7
40.96, 88.72, -121.64
42.15, 84.23, -118.21
42.2, 78.97, -114.56
41.42, 73.71, -110.7
38.57, 84.72, -121.64
39.78, 80.79, -118.21
39.38, 75.54, -114.56
38.15, 70.37, -110.7
35.77, 81.0, -121.64
37.13, 77.56, -118.21
36.27, 72.37, -114.56
34.61, 67.32, -110.7
32.6, 77.58, -121.64
34.21, 74.58, -118.21
32.91, 69.48, -114.56
30.81, 64.59, -110.7
29.1, 74.5, -121.64
31.04, 71.85, -118.21
29.31, 66.89, -114.56
26.8, 62.2, -110.7
27.65, 69.41, -118.21
25.3, 71.8, -121.64
24.06, 67.27, -118.21
21.24, 69.5, -121.64
20.3, 65.45, -118.21
16.97, 67.63, -121.64
16.4, 63.95, -118.21
12.53, 66.22, -121.64
12.39, 62.8, -118.21
7.97, 65.26, -121.64
8.29, 62.0, -118.21
4.13, 61.55, -118.21
4.33, 58.53, -114.56
-0.11, 58.44, -114.56
-0.17, 55.69, -110.7
-4.83, 55.99, -110.7
3.33, 64.78, -121.64
-0.04, 61.46, -118.21
-4.54, 58.72, -114.56
-9.45, 56.7, -110.7
-1.33, 64.78, -121.64
-4.21, 61.73, -118.21
-8.93, 59.39, -114.56
-14.0, 57.79, -110.7
-5.97, 65.26, -121.64
-8.34, 62.35, -118.21
-13.24, 60.43, -114.56
-18.43, 59.27, -110.7
-10.53, 66.22, -121.64
-12.41, 63.33, -118.21
-17.45, 61.84, -114.56
-22.72, 61.13, -110.7
-26.85, 63.36, -110.7
-14.97, 67.63, -121.64
-16.37, 64.66, -118.21
-21.52, 63.6, -114.56
-25.44, 65.72, -114.56
-29.13, 68.15, -114.56
-20.2, 66.32, -118.21
-19.24, 69.5, -121.64
-23.88, 68.31, -118.21
-23.3, 71.8, -121.64
-27.37, 70.6, -118.21
-27.1, 74.5, -121.64
-30.65, 73.18, -118.21
-30.6, 77.58, -121.64
-33.7, 76.04, -118.21
-33.77, 81.0, -121.64
-36.49, 79.15, -118.21
-39.01, 82.48, -118.21
-41.49, 80.77, -114.56
-43.85, 84.53, -114.56
-36.57, 84.72, -121.64
-41.22, 86.02, -118.21
-45.87, 88.48, -114.56
-38.96, 88.72, -121.64
-43.13, 89.74, -118.21
-47.55, 92.59, -114.56
-40.94, 92.94, -121.64
-44.71, 93.61, -118.21
-48.86, 96.83, -114.56
-42.47, 97.35, -121.64
-45.94, 97.6, -118.21
-49.81, 101.17, -114.56
-43.54, 101.88, -121.64
-46.84, 101.68, -118.21
-50.38, 105.57, -114.56
-47.37, 105.83, -118.21
-44.14, 106.51, -121.64
-47.55, 110.0, -118.21
-44.26, 111.17, -121.64
-47.37, 114.17, -118.21
-43.9, 115.81, -121.64
-46.84, 118.32, -118.21
-43.07, 120.4, -121.64
-45.94, 122.4, -118.21
-41.76, 124.88, -121.64
-44.71, 126.39, -118.21
-40.01, 129.19, -121.64
-43.13, 130.26, -118.21
-41.22, 133.98, -118.21
-43.85, 135.47, -114.56
-41.49, 139.23, -114.56
-37.82, 133.31, -121.64
-39.01, 137.52, -118.21
-38.82, 142.77, -114.56
-35.21, 137.18, -121.64
-36.49, 140.85, -118.21
-35.86, 146.07, -114.56
-32.23, 140.76, -121.64
-33.7, 143.96, -118.21
-32.62, 149.11, -114.56
-28.89, 144.01, -121.64
-30.65, 146.82, -118.21
-29.13, 151.85, -114.56
-25.23, 146.9, -121.64
-27.37, 149.4, -118.21
-25.44, 154.28, -114.56
-23.88, 151.69, -118.21
-21.3, 149.4, -121.64
-20.2, 153.68, -118.21
-17.13, 151.49, -121.64
-16.37, 155.34, -118.21
-12.77, 153.13, -121.64
-12.41, 156.67, -118.21
-8.26, 154.32, -121.64
-4.28, 168.69, -102.42
-0.22, 166.76, -106.64
1.0, 168.93, -102.42
4.66, 166.66, -106.64
6.28, 168.69, -102.42
9.52, 166.13, -106.64
11.52, 167.98, -102.42
14.31, 165.19, -106.64
16.68, 166.81, -102.42
19.01, 163.84, -106.64
21.71, 165.17, -102.42
23.57, 162.1, -106.64
26.57, 163.1, -102.42
27.97, 159.96, -106.64
31.23, 160.59, -102.42
32.16, 157.46, -106.64
35.64, 157.68, -102.42
-19.71, 165.17, -102.42
-24.57, 163.1, -102.42
-29.23, 160.59, -102.42
-33.64, 157.68, -102.42
-37.77, 154.38, -102.42
-41.6, 150.73, -102.42
-45.07, 146.74, -102.42
-48.18, 142.47, -102.42
-50.9, 137.93, -102.42
-53.19, 133.16, -102.42
-55.05, 128.21, -102.42
-56.45, 123.11, -102.42
-57.4, 117.91, -102.42
-57.87, 112.64, -102.42
-57.87, 107.36, -102.42
-57.4, 102.09, -102.42
-56.45, 96.89, -102.42
-55.05, 91.79, -102.42
-53.19, 86.84, -102.42
-50.9, 82.07, -102.42
-48.18, 77.53, -102.42
-45.07, 73.26, -102.42
-41.6, 69.27, -102.42
-37.77, 65.62, -102.42
-33.64, 62.32, -102.42
50.18, 77.53, -102.42
49.12, 79.87, -106.64
49.35, 85.24, -110.7
48.75, 90.52, -114.56
52.9, 82.07, -102.42
51.53, 84.12, -106.64
51.3, 89.48, -110.7
50.25, 94.7, -114.56
55.19, 86.84, -102.42
53.57, 88.55, -106.64
52.87, 93.88, -110.7
51.39, 98.99, -114.56
57.05, 91.79, -102.42
55.22, 93.15, -106.64
54.07, 98.4, -110.7
52.15, 103.36, -114.56
58.45, 96.89, -102.42
56.47, 97.88, -106.64
54.87, 103.01, -110.7
59.4, 102.09, -102.42
57.3, 102.69, -106.64
59.87, 107.36, -102.42
-50.57, 110.0, -114.56
-50.38, 114.43, -114.56
-49.81, 118.83, -114.56
-48.86, 123.17, -114.56
-47.55, 127.41, -114.56
-45.87, 131.52, -114.56
4.33, 161.47, -114.56
-0.11, 161.56, -114.56
4.5, 164.21, -110.7
-0.17, 164.31, -110.7
8.74, 160.99, -114.56
13.09, 160.14, -114.56
17.36, 158.91, -114.56
21.5, 157.32, -114.56
9.15, 163.71, -110.7
13.74, 162.81, -110.7
18.23, 161.52, -110.7
22.59, 159.84, -110.7
26.8, 157.8, -110.7
46.9, 133.51, -114.56
51.3, 130.52, -110.7
48.75, 129.48, -114.56
52.87, 126.12, -110.7
50.25, 125.3, -114.56
54.07, 121.6, -110.7
51.39, 121.01, -114.56
54.87, 116.99, -110.7
52.15, 116.63, -114.56
25.5, 64.61, -114.56
22.59, 60.16, -110.7
21.5, 62.68, -114.56
17.36, 61.09, -114.56
13.09, 59.86, -114.56
8.74, 59.01, -114.56
18.23, 58.48, -110.7
13.74, 57.19, -110.7
9.15, 56.29, -110.7
4.5, 55.79, -110.7
-32.62, 70.89, -114.56
-35.86, 73.93, -114.56
-38.82, 77.23, -114.56
-21.52, 156.4, -114.56
-17.45, 158.16, -114.56
-13.24, 159.57, -114.56
5.99, 177.65, -85.76
1.0, 174.37, -92.36
5.84, 175.55, -89.79
5.68, 173.42, -93.81
10.64, 175.02, -89.79
10.33, 172.91, -93.81
15.4, 174.13, -89.79
14.93, 172.05, -93.81
20.08, 172.9, -89.79
19.46, 170.86, -93.81
24.66, 171.33, -89.79
23.89, 169.34, -93.81
29.1, 169.42, -89.79
28.19, 167.49, -93.81
33.4, 167.19, -89.79
32.35, 165.33, -93.81
37.52, 164.65, -89.79
36.33, 162.88, -93.81
41.44, 161.82, -89.79
40.13, 160.14, -93.81
45.14, 158.7, -89.79
43.71, 157.12, -93.81
48.6, 155.32, -89.79
47.06, 153.85, -93.81
51.81, 151.7, -89.79
50.16, 150.35, -93.81
54.74, 147.85, -89.79
53.0, 146.62, -93.81
57.38, 143.79, -89.79
55.55, 142.7, -93.81
59.71, 139.55, -89.79
57.81, 138.59, -93.81
61.73, 135.15, -89.79
59.76, 134.34, -93.81
63.41, 130.62, -89.79
61.39, 129.95, -93.81
64.76, 125.97, -89.79
62.69, 125.45, -93.81
65.76, 121.24, -89.79
63.66, 120.87, -93.81
66.41, 116.44, -89.79
64.29, 116.23, -93.81
66.71, 111.61, -89.79
64.58, 111.56, -93.81
66.65, 106.77, -89.79
64.52, 106.88, -93.81
66.24, 101.95, -89.79
64.12, 102.22, -93.81
65.47, 97.18, -89.79
63.37, 97.59, -93.81
64.35, 92.47, -89.79
62.29, 93.04, -93.81
62.89, 87.86, -89.79
60.88, 88.57, -93.81
61.09, 83.36, -89.79
59.14, 84.23, -93.81
58.97, 79.01, -89.79
57.09, 80.02, -93.81
56.53, 74.83, -89.79
54.73, 75.98, -93.81
53.8, 70.84, -89.79
52.08, 72.12, -93.81
50.77, 67.07, -89.79
49.16, 68.46, -93.81
47.48, 63.52, -89.79
45.97, 65.03, -93.81
45.54, 61.66, -89.79
44.09, 63.23, -93.81
43.52, 59.88, -89.79
42.14, 61.51, -93.81
41.44, 58.18, -89.79
40.13, 59.86, -93.81
39.29, 56.57, -89.79
38.04, 58.31, -93.81
37.07, 55.05, -89.79
35.9, 56.83, -93.81
34.79, 53.62, -89.79
33.7, 55.45, -93.81
32.46, 52.29, -89.79
31.44, 54.16, -93.81
30.07, 51.05, -89.79
29.13, 52.96, -93.81
27.64, 49.91, -89.79
26.77, 51.86, -93.81
25.16, 48.87, -89.79
24.37, 50.85, -93.81
20.08, 47.1, -89.79
19.46, 49.14, -93.81
14.88, 45.75, -89.79
14.43, 47.84, -93.81
9.58, 44.83, -89.79
9.3, 46.95, -93.81
4.23, 44.35, -89.79
4.12, 46.48, -93.81
-1.15, 44.3, -89.79
-1.08, 46.44, -93.81
-6.51, 44.7, -89.79
-6.27, 46.82, -93.81
-11.82, 45.53, -89.79
-11.41, 47.63, -93.81
-17.05, 46.8, -89.79
-16.46, 48.85, -93.81
-22.15, 48.48, -89.79
-21.4, 50.48, -93.81
-24.65, 49.48, -89.79
-23.82, 51.45, -93.81
-27.1, 50.58, -89.79
-26.19, 52.51, -93.81
-29.51, 51.78, -89.79
-28.52, 53.67, -93.81
-31.87, 53.08, -89.79
-30.8, 54.92, -93.81
-34.17, 54.47, -89.79
-33.02, 56.27, -93.81
-36.41, 55.95, -89.79
-35.19, 57.71, -93.81
-38.59, 57.53, -89.79
-37.3, 59.23, -93.81
-40.7, 59.19, -89.79
-39.35, 60.84, -93.81
-42.74, 60.94, -89.79
-41.32, 62.53, -93.81
-44.71, 62.77, -89.79
-43.23, 64.3, -93.81
-46.6, 64.68, -89.79
-45.06, 66.15, -93.81
-48.42, 66.66, -89.79
-46.81, 68.07, -93.81
-50.15, 68.72, -89.79
-48.49, 70.06, -93.81
-51.8, 70.84, -89.79
-50.08, 72.12, -93.81
-53.35, 73.04, -89.79
-51.59, 74.24, -93.81
-54.82, 75.29, -89.79
-53.01, 76.42, -93.81
-56.19, 77.6, -89.79
-54.33, 78.65, -93.81
-57.47, 79.97, -89.79
-55.57, 80.94, -93.81
-58.65, 82.38, -89.79
-56.71, 83.28, -93.81
-59.73, 84.85, -89.79
-57.76, 85.66, -93.81
-61.58, 89.89, -89.79
-59.55, 90.55, -93.81
-63.01, 95.07, -89.79
-60.94, 95.56, -93.81
-64.02, 100.36, -89.79
-61.91, 100.67, -93.81
-64.59, 105.7, -89.79
-62.46, 105.84, -93.81
-64.72, 111.08, -89.79
-62.59, 111.04, -93.81
-64.41, 116.44, -89.79
-62.29, 116.23, -93.81
-63.67, 121.77, -89.79
-61.57, 121.38, -93.81
-62.49, 127.01, -89.79
-60.43, 126.46, -93.81
-60.89, 132.14, -89.79
-58.88, 131.43, -93.81
-59.93, 134.66, -89.79
-57.95, 133.86, -93.81
-58.87, 137.13, -89.79
-56.93, 136.25, -93.81
-57.71, 139.55, -89.79
-55.81, 138.59, -93.81
-56.45, 141.93, -89.79
-54.59, 140.89, -93.81
-55.1, 144.25, -89.79
-53.28, 143.14, -93.81
-53.65, 146.52, -89.79
-51.88, 145.33, -93.81
-52.11, 148.72, -89.79
-50.39, 147.47, -93.81
-50.49, 150.86, -89.79
-48.81, 149.54, -93.81
-48.77, 152.93, -89.79
-47.16, 151.54, -93.81
-46.97, 154.93, -89.79
-45.42, 153.47, -93.81
-45.1, 156.86, -89.79
-43.6, 155.34, -93.81
-43.14, 158.7, -89.79
-41.71, 157.12, -93.81
-41.11, 160.47, -89.79
-39.75, 158.83, -93.81
-39.01, 162.15, -89.79
-37.72, 160.45, -93.81
-36.85, 163.74, -89.79
-35.62, 162.0, -93.81
-34.62, 165.24, -89.79
-33.46, 163.45, -93.81
-32.33, 166.65, -89.79
-31.25, 164.81, -93.81
-29.99, 167.97, -89.79
-28.98, 166.09, -93.81
-27.59, 169.19, -89.79
-26.66, 167.27, -93.81
-25.14, 170.31, -89.79
-24.3, 168.35, -93.81
-20.13, 172.24, -89.79
-19.44, 170.22, -93.81
-14.97, 173.76, -89.79
-14.45, 171.69, -93.81
-9.71, 174.85, -89.79
-9.36, 172.75, -93.81
-4.37, 175.51, -89.79
-4.2, 173.38, -93.81
-4.01, 171.08, -98.12
-8.98, 170.46, -98.12
-13.89, 169.44, -98.12
-18.7, 168.03, -98.12
-23.37, 166.23, -98.12
-25.65, 165.18, -98.12
-27.89, 164.05, -98.12
5.51, 171.12, -98.12
9.99, 170.62, -98.12
14.43, 169.79, -98.12
18.79, 168.64, -98.12
23.05, 167.18, -98.12
27.2, 165.4, -98.12
31.21, 163.32, -98.12
35.05, 160.95, -98.12
38.7, 158.31, -98.12
42.15, 155.41, -98.12
45.38, 152.26, -98.12
48.37, 148.88, -98.12
51.1, 145.29, -98.12
53.56, 141.5, -98.12
55.74, 137.55, -98.12
57.62, 133.45, -98.12
59.19, 129.22, -98.12
60.44, 124.89, -98.12
61.38, 120.48, -98.12
61.99, 116.01, -98.12
62.26, 111.5, -98.12
62.21, 106.99, -98.12
61.82, 102.5, -98.12
61.1, 98.04, -98.12
60.06, 93.66, -98.12
58.7, 89.35, -98.12
57.02, 85.17, -98.12
55.05, 81.11, -98.12
52.77, 77.21, -98.12
50.22, 73.49, -98.12
47.4, 69.97, -98.12
44.33, 66.67, -98.12
42.52, 64.93, -98.12
40.65, 63.27, -98.12
38.7, 61.69, -98.12
36.7, 60.19, -98.12
34.63, 58.77, -98.12
32.5, 57.44, -98.12
30.33, 56.19, -98.12
28.1, 55.04, -98.12
25.83, 53.98, -98.12
23.52, 53.01, -98.12
18.79, 51.36, -98.12
13.94, 50.1, -98.12
9.0, 49.24, -98.12
4.01, 48.79, -98.12
-1.01, 48.75, -98.12
-6.0, 49.12, -98.12
-10.96, 49.9, -98.12
-15.83, 51.07, -98.12
-20.59, 52.65, -98.12
-22.91, 53.58, -98.12
-25.2, 54.6, -98.12
-27.44, 55.72, -98.12
-29.64, 56.93, -98.12
-31.79, 58.23, -98.12
-33.88, 59.61, -98.12
-35.91, 61.08, -98.12
-37.88, 62.63, -98.12
-39.78, 64.26, -98.12
-41.62, 65.96, -98.12
-43.38, 67.74, -98.12
-45.07, 69.59, -98.12
-46.69, 71.51, -98.12
-48.22, 73.49, -98.12
-49.67, 75.54, -98.12
-51.04, 77.64, -98.12
-52.32, 79.79, -98.12
-53.51, 82.0, -98.12
-54.61, 84.25, -98.12
-55.62, 86.55, -98.12
-57.34, 91.25, -98.12
-58.68, 96.08, -98.12
-59.62, 101.01, -98.12
-60.15, 105.99, -98.12
-60.27, 111.0, -98.12
-59.99, 116.01, -98.12
-59.29, 120.97, -98.12
-58.19, 125.86, -98.12
-56.7, 130.65, -98.12
-55.81, 132.99, -98.12
-53.74, 137.55, -98.12
-54.82, 135.29, -98.12
-51.3, 141.93, -98.12
-52.57, 139.77, -98.12
-48.52, 146.1, -98.12
-49.95, 144.05, -98.12
-45.4, 150.03, -98.12
-47.0, 148.1, -98.12
-41.98, 153.69, -98.12
-43.73, 151.89, -98.12
-36.31, 158.62, -98.12
-38.26, 157.05, -98.12
-40.15, 155.41, -98.12
-32.21, 161.5, -98.12
-34.29, 160.1, -98.12
-30.07, 162.82, -98.12
-4.54, 177.61, -85.76
-10.05, 176.93, -85.76
-15.48, 175.8, -85.76
-20.8, 174.23, -85.76
-25.98, 172.24, -85.76
-28.5, 171.08, -85.76
-30.98, 169.82, -85.76
-33.4, 168.47, -85.76
-35.76, 167.01, -85.76
-38.06, 165.46, -85.76
-40.29, 163.82, -85.76
-42.46, 162.08, -85.76
-44.55, 160.26, -85.76
-46.57, 158.36, -85.76
-48.51, 156.37, -85.76
-50.36, 154.31, -85.76
-52.13, 152.17, -85.76
-53.81, 149.96, -85.76
-55.4, 147.69, -85.76
-56.9, 145.35, -85.76
-58.29, 142.95, -85.76
-59.59, 140.5, -85.76
-60.79, 138.0, -85.76
-61.88, 135.45, -85.76
-62.87, 132.85, -85.76
-64.52, 127.56, -85.76
-65.74, 122.14, -85.76
-66.51, 116.65, -85.76
-66.82, 111.11, -85.76
-66.69, 105.56, -85.76
-66.1, 100.05, -85.76
-65.06, 94.6, -85.76
-63.58, 89.25, -85.76
-61.67, 84.04, -85.76
-60.56, 81.5, -85.76
-59.34, 79.01, -85.76
-58.02, 76.56, -85.76
-56.6, 74.18, -85.76
-55.09, 71.85, -85.76
-53.48, 69.59, -85.76
-51.79, 67.4, -85.76
-50.0, 65.27, -85.76
-48.13, 63.23, -85.76
-46.17, 61.26, -85.76
-44.14, 59.37, -85.76
-42.03, 57.56, -85.76
-39.85, 55.85, -85.76
-37.6, 54.22, -85.76
-35.29, 52.69, -85.76
-32.92, 51.25, -85.76
-30.49, 49.92, -85.76
-28.0, 48.68, -85.76
-25.47, 47.54, -85.76
-22.89, 46.51, -85.76
-17.63, 44.77, -85.76
-12.23, 43.47, -85.76
-6.75, 42.61, -85.76
-1.22, 42.2, -85.76
4.33, 42.25, -85.76
9.85, 42.75, -85.76
15.32, 43.7, -85.76
20.69, 45.09, -85.76
25.93, 46.91, -85.76
28.49, 47.99, -85.76
31.0, 49.16, -85.76
33.46, 50.44, -85.76
35.87, 51.82, -85.76
38.22, 53.29, -85.76
40.51, 54.86, -85.76
42.73, 56.52, -85.76
44.89, 58.27, -85.76
46.96, 60.11, -85.76
48.97, 62.03, -85.76
52.36, 65.69, -85.76
55.48, 69.59, -85.76
58.31, 73.71, -85.76
60.82, 78.02, -85.76
63.01, 82.51, -85.76
64.87, 87.15, -85.76
66.38, 91.91, -85.76
67.53, 96.77, -85.76
68.32, 101.7, -85.76
68.75, 106.67, -85.76
68.81, 111.66, -85.76
68.51, 116.65, -85.76
67.84, 121.6, -85.76
66.8, 126.48, -85.76
65.41, 131.28, -85.76
63.67, 135.96, -85.76
61.59, 140.5, -85.76
59.18, 144.87, -85.76
56.46, 149.06, -85.76
53.44, 153.03, -85.76
50.13, 156.77, -85.76
46.55, 160.26, -85.76
42.73, 163.48, -85.76
38.69, 166.4, -85.76
34.44, 169.02, -85.76
30.0, 171.32, -85.76
25.41, 173.29, -85.76
20.69, 174.91, -85.76
15.86, 176.19, -85.76
10.95, 177.1, -85.76
