2394
154.86, 175.51, -0.0
154.05, 177.11, -0.0
155.99, 175.77, -0.0
155.12, 175.35, -0.0
157.25, 174.91, -0.0
156.95, 173.96, -0.0
156.11, 175.87, -0.0
151.88, 178.14, -0.0
147.28, 179.53, -0.0
149.61, 178.94, -0.0
158.64, 138.75, -0.0
167.78, 167.97, 16.98
167.36, 169.26, 17.15
166.94, 169.27, 18.35
166.47, 169.16, 19.96
113.74, 148.32, 0.0
119.06, 148.39, 0.0
113.74, 148.02, 0.0
113.96, 147.74, 0.0
167.32, 166.72, 17.94
166.61, 168.08, 19.88
114.51, 148.82, 3.98
166.74, 169.84, 17.62
166.45, 170.06, 17.0
166.36, 170.13, 17.56
114.18, 151.52, 0.0
114.56, 147.15, 4.32
166.55, 169.43, 19.33
117.32, 144.93, 4.86
115.57, 144.42, 1.11
116.77, 143.92, 4.09
118.21, 142.61, 6.2
115.3, 146.12, 3.1
115.46, 146.03, 0.09
161.21, 172.37, 23.85
159.77, 174.05, 28.47
160.97, 172.52, 25.5
159.5, 174.66, 30.0
159.48, 174.67, 30.0
160.1, 172.44, 30.0
160.81, 170.94, 28.0
160.84, 172.14, 26.65
160.37, 170.88, 30.0
114.35, 146.79, 0.0
115.82, 144.91, 8.5
160.04, 173.19, 30.0
158.16, 174.83, 30.0
158.34, 174.65, 28.24
115.41, 146.04, 0.0
115.36, 146.1, 0.0
119.06, 148.38, 0.0
115.3, 145.48, 0.0
120.89, 143.95, 0.0
114.96, 143.93, 0.0
114.97, 143.74, 0.0
116.6, 142.74, 2.89
163.73, 168.32, 30.0
163.7, 169.34, 29.07
163.51, 169.27, 30.0
115.18, 142.76, 0.0
161.91, 168.71, 28.78
163.55, 169.13, 27.78
107.42, 165.84, 0.0
113.89, 159.86, 0.0
106.24, 164.77, 0.0
108.5, 167.41, 0.0
163.9, 169.27, 25.99
163.56, 169.25, 26.08
163.3, 169.18, 26.74
163.26, 169.96, 18.62
162.86, 170.13, 18.95
162.89, 169.98, 19.21
163.26, 169.83, 19.14
162.85, 169.14, 25.88
163.31, 169.2, 25.6
162.92, 169.83, 19.49
163.94, 167.38, 16.07
164.06, 167.05, 15.13
164.57, 166.03, 15.62
164.09, 169.2, 26.14
164.33, 169.22, 25.67
164.52, 166.32, 16.5
164.59, 169.2, 25.25
164.35, 169.33, 25.33
164.96, 168.81, 25.26
165.42, 165.4, 15.37
165.73, 165.23, 12.35
165.54, 165.44, 12.97
164.14, 169.35, 25.07
163.83, 169.42, 24.7
159.99, 138.24, 27.79
160.14, 138.84, 30.0
160.1, 138.84, 30.0
161.09, 138.46, 28.16
161.08, 139.02, 30.0
160.26, 138.94, 30.0
163.41, 169.87, 18.75
163.35, 170.18, 18.04
163.66, 169.82, 19.31
164.07, 169.9, 19.34
164.37, 169.95, 19.46
164.14, 170.03, 18.74
160.96, 136.95, 22.8
159.97, 136.82, 22.47
159.25, 136.8, 23.38
158.81, 137.03, 25.99
165.42, 163.55, 11.3
165.77, 159.43, 8.08
166.49, 159.56, 11.3
165.52, 163.84, 16.29
166.22, 165.68, 7.06
166.49, 170.33, 6.82
166.74, 170.08, 5.11
166.09, 170.18, 4.81
170.6, 167.23, 6.7
170.35, 167.14, 4.76
169.45, 168.33, 7.56
167.22, 169.8, 7.99
171.03, 167.48, 0.0
171.06, 167.39, 0.0
168.28, 166.41, 0.0
171.0, 167.51, 0.0
169.11, 168.96, 1.78
168.69, 169.13, 0.0
168.28, 169.28, 8.23
153.34, 129.19, 14.51
152.19, 128.38, 14.0
152.28, 128.07, 12.8
167.75, 169.29, 0.0
166.7, 169.59, 0.0
169.4, 168.8, 0.0
152.61, 128.95, 15.26
153.75, 129.96, 15.55
153.54, 129.57, 14.15
154.53, 130.57, 14.73
153.16, 128.85, 12.97
151.91, 128.04, 13.67
152.78, 128.44, 13.22
166.43, 169.99, 3.53
165.39, 170.85, 4.66
165.91, 170.12, 7.63
151.08, 127.14, 14.63
150.93, 126.74, 13.21
151.37, 127.41, 13.69
150.59, 126.74, 19.68
150.94, 126.74, 12.37
127.03, 168.91, 30.0
125.76, 169.97, 25.85
128.55, 172.76, 25.85
129.62, 171.49, 30.0
165.66, 170.22, 17.49
166.15, 170.05, 17.74
125.66, 171.95, 28.04
126.79, 173.68, 30.0
127.11, 173.97, 28.33
128.38, 174.2, 30.0
129.69, 174.92, 30.0
128.68, 174.67, 27.95
127.41, 173.82, 30.0
165.76, 170.08, 18.09
164.8, 169.28, 24.68
166.23, 169.96, 18.19
105.86, 163.73, 0.0
107.22, 162.71, 2.3
163.25, 169.28, 24.83
162.79, 169.13, 25.32
165.43, 170.11, 18.21
165.36, 168.59, 24.3
165.16, 168.28, 25.9
165.01, 168.08, 30.0
165.74, 167.87, 30.0
166.21, 167.36, 26.82
108.63, 163.49, 3.24
109.54, 165.36, 2.89
108.97, 162.08, 5.0
104.71, 159.29, 0.0
104.19, 160.04, 0.0
104.4, 162.05, 0.0
104.0, 161.12, 0.0
104.22, 161.87, 0.0
104.28, 161.83, 0.09
105.96, 160.24, 2.64
107.79, 159.34, 5.08
104.46, 160.52, 0.7
161.83, 168.68, 30.0
161.59, 168.99, 30.0
108.82, 161.22, 5.42
107.8, 156.83, 0.0
106.33, 157.83, 0.0
112.12, 157.64, 0.0
106.0, 158.24, 0.0
106.72, 157.98, 3.5
160.51, 170.52, 30.0
161.99, 168.74, 27.7
109.08, 157.88, 7.21
110.22, 158.08, 8.18
164.96, 170.19, 18.0
165.1, 170.0, 18.81
165.49, 170.27, 16.86
162.05, 168.76, 26.92
161.6, 169.73, 26.55
160.4, 168.17, 28.58
159.85, 167.98, 30.0
159.2, 168.91, 30.0
159.79, 167.96, 30.0
164.34, 170.14, 18.3
164.54, 170.13, 17.64
161.29, 168.49, 26.31
125.72, 172.21, 30.0
164.62, 170.15, 16.6
127.86, 173.59, 21.1
165.95, 170.24, 16.86
126.71, 173.65, 23.49
127.28, 175.57, 19.52
126.89, 174.92, 16.88
128.61, 176.37, 20.13
131.06, 176.27, 16.2
127.62, 173.87, 16.2
127.86, 173.59, 11.3
163.77, 170.08, 18.1
125.5, 170.2, 8.08
128.33, 173.02, 8.08
126.96, 174.44, -0.0
125.62, 173.22, 0.0
126.96, 174.44, 0.0
123.2, 166.92, 8.08
125.5, 140.7, 8.08
122.66, 169.78, 24.74
121.55, 167.71, 30.0
121.74, 167.91, 30.0
124.77, 170.47, 30.0
163.18, 170.53, 17.92
124.6, 170.3, 30.0
163.01, 170.64, 18.17
122.99, 168.74, 30.0
163.36, 170.42, 17.68
123.72, 170.15, 25.54
176.74, 146.58, -0.0
175.01, 150.57, -0.0
176.8, 146.76, -0.0
176.89, 149.0, -0.0
177.13, 148.46, -0.0
176.59, 149.19, -0.0
175.81, 150.06, -0.0
123.1, 168.8, 30.0
176.66, 146.12, -0.0
176.82, 146.27, -0.0
176.87, 146.19, -0.0
176.83, 146.31, -0.0
173.08, 140.46, -0.0
176.58, 145.98, -0.0
177.04, 145.38, -0.0
174.37, 140.86, -0.0
176.58, 145.96, -0.0
177.64, 143.08, -0.0
177.46, 142.92, -0.0
177.18, 143.7, -0.0
124.01, 171.47, 21.14
124.6, 171.4, 23.53
158.64, 172.39, -0.0
159.96, 170.9, -0.0
123.97, 169.53, 30.0
161.11, 172.88, -0.0
161.98, 171.97, -0.0
162.25, 171.69, -0.0
160.17, 170.66, -0.0
162.37, 171.34, -0.0
159.75, 173.77, -0.0
158.38, 172.63, -0.0
158.68, 174.12, -0.0
124.93, 170.67, 21.1
164.68, 169.69, -0.0
164.75, 169.52, -0.0
163.65, 169.32, -0.0
164.74, 168.24, -0.0
163.02, 170.66, -0.0
161.48, 168.86, -0.0
164.87, 167.98, -0.0
162.36, 166.81, -0.0
161.53, 168.79, -0.0
163.4, 169.68, -0.0
161.63, 168.61, -0.0
162.06, 167.33, -0.0
165.17, 167.64, -0.0
163.27, 165.28, -0.0
121.31, 169.39, 22.54
120.32, 167.33, 25.31
120.6, 166.8, 29.43
123.15, 171.82, 18.44
106.96, 157.3, 1.36
108.05, 156.69, 3.49
123.5, 166.75, 25.85
110.1, 155.48, 8.88
122.56, 167.29, 21.1
108.76, 156.37, 2.18
108.33, 156.55, 0.0
125.34, 173.8, 15.17
108.49, 156.43, 0.0
136.17, 135.52, 30.0
136.17, 135.52, 30.0
136.17, 132.97, 30.0
136.26, 135.47, 30.0
137.07, 132.95, 30.0
138.14, 135.18, 30.0
139.47, 134.82, 30.0
138.68, 132.35, 30.0
139.47, 131.45, 30.0
141.53, 134.64, 30.0
163.05, 138.52, 24.29
162.47, 137.82, 20.96
163.02, 139.27, 24.29
136.26, 135.47, 29.5
135.9, 135.66, 29.71
161.24, 136.63, 21.17
135.37, 134.22, 25.85
147.3, 131.77, 16.2
151.24, 133.2, 11.3
147.24, 132.13, 11.3
151.36, 132.85, 16.2
128.55, 138.14, 25.85
129.57, 139.35, 29.82
130.54, 138.38, 29.22
126.98, 141.94, 29.82
125.76, 140.92, 25.85
130.54, 138.38, 30.0
126.0, 142.91, 29.22
123.5, 144.15, 25.85
152.62, 128.12, 12.11
151.77, 126.74, 9.82
153.41, 128.5, 11.35
132.53, 137.37, 30.0
131.79, 135.88, 25.85
133.0, 137.13, 30.0
130.69, 135.72, 28.09
132.33, 134.15, 29.58
131.48, 135.44, 30.0
154.05, 129.55, 10.26
155.7, 174.56, 8.08
164.73, 163.3, 8.08
161.73, 168.64, 8.08
161.81, 168.67, 8.08
160.74, 170.2, 8.08
155.76, 131.86, 13.11
163.93, 174.08, 1.18
164.9, 173.66, 0.0
164.42, 174.08, 0.0
163.32, 172.63, 8.36
165.66, 172.51, 0.0
151.02, 126.74, 9.9
164.69, 172.15, 3.89
151.87, 126.74, 9.57
162.25, 171.69, 0.0
165.67, 172.5, 0.0
152.3, 126.74, 7.72
163.4, 169.68, 0.0
164.68, 169.69, 0.0
165.9, 171.01, 0.0
163.02, 170.66, 0.0
162.37, 171.34, 0.0
161.11, 172.88, 0.0
161.98, 171.97, 0.0
158.68, 174.12, 0.0
159.75, 173.77, 0.0
151.35, 126.74, 8.24
153.98, 128.98, 7.45
163.21, 139.16, 27.02
162.13, 137.9, 25.24
166.5, 169.73, 1.03
162.69, 139.25, 29.35
166.55, 169.94, 0.0
164.74, 169.52, 0.0
165.29, 167.44, 0.0
163.65, 169.32, 0.0
162.33, 139.45, 19.66
162.92, 141.09, 22.53
162.84, 140.1, 23.26
163.09, 140.78, 20.1
164.74, 168.24, 0.0
164.87, 167.98, 0.0
164.33, 142.32, 19.5
163.66, 141.39, 19.78
161.41, 170.74, 25.3
161.35, 170.41, 26.23
162.33, 169.1, 26.26
161.76, 169.67, 25.73
161.56, 169.05, 30.0
162.29, 169.21, 25.6
172.22, 159.41, 1.78
170.45, 161.24, 5.11
170.64, 160.73, 8.95
160.22, 169.69, 26.24
161.21, 168.94, 25.5
168.62, 162.24, 4.17
169.63, 161.15, 0.0
161.46, 168.55, -0.0
161.23, 168.47, -0.0
161.69, 167.83, -0.0
161.46, 168.16, -0.0
161.65, 169.89, 25.59
163.55, 170.2, 17.51
161.63, 170.73, 23.9
161.59, 171.15, 23.84
163.29, 170.77, 17.48
163.52, 170.72, 17.03
161.87, 169.56, 25.18
162.1, 169.35, 24.72
162.76, 170.9, 18.61
162.57, 170.97, 19.35
162.91, 168.99, 17.55
163.59, 167.81, 17.78
162.64, 169.06, 19.52
162.24, 169.7, 18.97
161.7, 169.86, 25.05
161.58, 170.45, 24.55
163.83, 170.02, 17.38
164.28, 170.1, 16.78
163.35, 170.94, 17.03
156.61, 171.49, 30.0
162.03, 167.63, 25.92
163.94, 170.11, 16.91
164.07, 170.08, 16.46
163.76, 170.32, 16.82
163.57, 170.42, 17.24
163.53, 164.73, -0.0
163.51, 164.76, -0.0
168.06, 162.72, -0.0
168.39, 162.17, -0.0
165.0, 160.21, -0.0
167.48, 163.08, -0.0
168.36, 161.38, -0.0
167.86, 160.18, -0.0
168.05, 159.2, -0.0
168.29, 158.1, -0.0
165.33, 157.9, -0.0
167.87, 159.9, -0.0
167.12, 166.0, -0.0
165.99, 165.6, -0.0
166.47, 166.39, -0.0
165.93, 166.6, -0.0
165.95, 166.44, -0.0
163.63, 164.77, -0.0
163.62, 164.76, -0.0
163.64, 164.76, -0.0
164.44, 162.48, -0.0
164.36, 162.71, -0.0
163.68, 164.67, -0.0
166.16, 164.62, -0.0
166.74, 163.81, -0.0
166.97, 163.4, -0.0
165.44, 155.57, -0.0
162.82, 140.02, 16.47
162.67, 138.99, 12.81
168.02, 159.48, -0.0
157.86, 174.57, -0.0
157.26, 174.91, -0.0
140.1, 179.88, -0.0
142.5, 180.0, -0.0
161.58, 139.99, 16.2
158.61, 137.03, 16.2
161.3, 140.23, 21.1
137.72, 179.53, -0.0
168.76, 157.88, -0.0
170.7, 156.35, -0.0
171.41, 156.0, -0.0
165.33, 153.24, -0.0
169.39, 157.08, -0.0
168.33, 158.25, -0.0
169.43, 157.1, -0.0
171.88, 155.59, -0.0
160.76, 135.31, 17.68
165.0, 150.93, -0.0
172.93, 152.47, -0.0
173.2, 151.9, -0.0
161.69, 136.21, 17.41
173.46, 151.61, -0.0
174.38, 151.3, -0.0
174.68, 150.85, -0.0
164.44, 148.67, -0.0
172.77, 140.3, -0.0
170.77, 139.47, -0.0
163.68, 146.47, -0.0
164.87, 150.42, -0.0
158.38, 137.31, 21.1
172.93, 153.08, -0.0
161.53, 142.36, -0.0
160.17, 140.48, -0.0
168.06, 159.25, -0.0
172.76, 154.25, -0.0
172.76, 154.07, -0.0
120.6, 168.29, 19.88
162.7, 144.36, -0.0
119.58, 167.74, 13.35
119.13, 167.23, 13.37
120.22, 167.35, 17.07
176.04, 141.53, -0.0
176.8, 141.77, -0.0
120.31, 170.14, 13.04
120.56, 170.43, 15.32
122.12, 171.94, 16.67
121.1, 170.99, 16.65
167.79, 138.64, -0.0
166.85, 138.21, -0.0
120.66, 165.99, 22.37
166.1, 138.05, -0.0
164.05, 137.41, -0.0
165.17, 137.75, -0.0
164.98, 137.72, -0.0
165.15, 137.75, -0.0
163.22, 136.58, -0.0
163.21, 136.56, -0.0
162.77, 135.84, -0.0
162.23, 135.25, -0.0
161.47, 135.18, -0.0
160.87, 134.98, -0.0
120.72, 166.11, 25.85
120.63, 166.75, 30.0
120.62, 166.55, 30.0
158.4, 132.84, -0.0
158.17, 132.66, -0.0
155.12, 135.79, -0.0
159.45, 133.31, -0.0
156.95, 137.18, -0.0
142.0, 131.8, -0.0
139.94, 131.9, -0.0
153.17, 134.59, -0.0
151.11, 133.59, -0.0
150.19, 133.26, -0.0
160.28, 134.65, -0.0
126.91, 137.72, -0.0
156.74, 131.79, -0.0
119.25, 161.96, 29.05
120.26, 163.18, 30.0
154.86, 130.5, -0.0
155.66, 130.99, -0.0
154.08, 129.91, -0.0
120.76, 164.8, 30.0
153.28, 129.17, -0.0
153.01, 128.8, -0.0
146.75, 132.24, -0.0
152.43, 128.24, -0.0
152.11, 127.7, -0.0
153.28, 129.22, -0.0
149.96, 124.56, -0.0
149.41, 123.94, -0.0
144.5, 131.9, -0.0
148.96, 132.81, -0.0
142.22, 131.78, -0.0
161.92, 137.14, 17.09
151.96, 127.28, -0.0
150.57, 125.02, -0.0
153.93, 129.74, -0.0
149.24, 123.7, -0.0
136.86, 124.18, -0.0
136.33, 124.98, -0.0
147.81, 121.37, -0.0
148.08, 121.8, -0.0
146.56, 117.71, -0.0
145.21, 118.2, -0.0
147.07, 118.45, -0.0
145.2, 118.23, -0.0
147.33, 119.3, -0.0
147.29, 119.63, -0.0
147.53, 120.66, -0.0
140.51, 118.95, -0.0
147.53, 120.7, -0.0
138.39, 120.74, -0.0
132.58, 133.81, 30.0
132.47, 134.13, 30.0
143.12, 131.4, 16.2
143.12, 131.77, 11.3
147.11, 132.85, 8.08
131.25, 135.65, 30.0
129.78, 136.47, 30.0
150.98, 133.89, 8.08
150.98, 177.01, 8.08
160.74, 140.7, 8.08
157.9, 137.87, 8.08
154.62, 135.58, 8.08
126.7, 137.34, 30.0
126.11, 137.58, 28.15
127.1, 137.28, 30.0
125.68, 138.31, 30.0
129.09, 136.68, 26.78
129.41, 136.7, 30.0
131.24, 134.94, 21.1
127.86, 137.31, 21.1
155.14, 127.99, 0.0
155.32, 128.11, 0.0
155.87, 130.23, 5.4
151.79, 126.74, 7.02
150.96, 125.5, 2.22
130.14, 135.02, 23.4
126.09, 137.87, 24.52
129.31, 136.73, 30.0
152.28, 126.74, 5.49
151.9, 126.74, 4.98
125.82, 137.97, 20.1
152.72, 127.44, 6.74
158.32, 130.13, 1.33
157.76, 131.8, 7.55
157.41, 130.73, 3.94
157.76, 132.47, 11.02
158.17, 132.66, 0.0
156.74, 131.79, 0.0
159.18, 131.74, 0.0
158.23, 129.98, 0.0
157.04, 129.37, 0.0
156.77, 129.13, 0.0
155.66, 130.99, 0.0
157.9, 129.78, 0.0
157.11, 129.45, 0.45
154.86, 130.51, 0.0
154.08, 129.91, 0.0
162.67, 169.36, 17.31
153.93, 129.74, 0.0
162.49, 167.51, 24.61
162.54, 167.1, 25.54
163.9, 167.42, 16.88
163.79, 167.16, 20.08
163.25, 168.41, 16.61
162.73, 166.75, 25.85
164.15, 166.65, 19.02
162.79, 169.23, 16.06
161.48, 171.62, 23.99
161.83, 171.08, 22.83
161.71, 171.58, 23.04
162.1, 170.0, 17.26
162.03, 169.9, 19.67
160.83, 171.19, 19.75
161.94, 171.48, 22.27
161.7, 171.86, 22.58
167.71, 166.38, 27.94
167.54, 166.85, 30.0
168.31, 166.32, 30.0
168.88, 165.63, 28.23
168.32, 166.16, 30.0
168.49, 165.98, 30.0
168.49, 164.95, 30.0
162.04, 171.36, 21.88
161.87, 171.76, 21.81
167.56, 166.15, 26.83
167.46, 166.28, 27.22
162.03, 171.57, 21.43
168.34, 164.43, 30.0
169.33, 163.46, 26.04
161.17, 172.64, 21.54
161.57, 172.14, 22.22
120.74, 164.18, 30.0
159.6, 134.55, 16.62
161.73, 138.1, 16.32
124.93, 165.92, 30.0
158.89, 134.55, 17.5
123.38, 162.61, 30.0
121.83, 163.18, 25.85
163.67, 140.57, 16.35
119.83, 164.51, 22.99
118.27, 162.24, 25.63
119.41, 161.92, 30.0
119.24, 161.7, 30.0
118.04, 160.99, 30.0
122.44, 159.09, 30.0
120.81, 159.37, 25.85
163.46, 139.78, 13.78
116.37, 161.41, 23.2
164.77, 141.71, 16.64
164.99, 140.81, 12.93
162.2, 138.89, 14.81
119.15, 165.39, 18.27
118.48, 166.47, 13.52
161.68, 138.25, 14.53
119.74, 159.56, 21.1
120.46, 163.67, 16.2
120.81, 163.55, 21.1
120.46, 155.45, 25.85
122.24, 167.47, 16.2
161.59, 137.11, 14.84
116.64, 159.85, 30.0
116.61, 160.02, 29.13
116.77, 159.13, 30.0
115.99, 159.74, 25.64
161.67, 135.09, 14.57
117.38, 157.26, 30.0
116.77, 158.48, 30.0
158.38, 137.31, 11.3
154.99, 134.94, 11.3
159.02, 132.65, 10.61
160.35, 133.83, 14.23
160.07, 134.22, 15.83
161.84, 134.91, 11.79
161.39, 134.05, 12.22
115.58, 162.55, 19.0
114.97, 160.56, 19.17
115.42, 160.41, 22.25
161.71, 136.38, 13.36
161.82, 137.5, 12.21
113.7, 161.73, 14.5
115.66, 158.01, 21.24
161.52, 137.28, 13.65
123.65, 173.73, 13.17
122.68, 173.83, 10.75
125.39, 175.15, 10.05
124.65, 170.91, 16.2
124.93, 170.67, 11.3
167.12, 166.0, 0.0
167.83, 165.18, 0.0
166.16, 164.62, 0.0
126.44, 136.63, 15.73
124.63, 137.0, 11.68
127.71, 135.43, 16.85
166.62, 166.32, 0.0
166.78, 165.88, 4.11
167.68, 166.2, 1.62
139.7, 130.05, 30.0
140.01, 129.92, 30.0
139.71, 130.84, 30.0
139.3, 130.84, 30.0
167.71, 166.21, 1.16
139.2, 131.28, 28.9
138.96, 130.84, 27.87
167.8, 164.26, 1.14
139.39, 130.04, 28.31
168.04, 164.09, 0.0
167.85, 164.82, 0.0
168.37, 162.66, 0.0
168.32, 162.46, 0.0
167.09, 164.11, 6.15
168.74, 162.33, 0.0
139.18, 133.2, 25.85
168.21, 162.42, 0.0
168.06, 162.72, 0.0
167.79, 162.92, 0.0
139.17, 130.29, 27.95
166.74, 163.81, 0.0
166.97, 163.4, 0.0
172.43, 159.17, 0.0
171.89, 159.7, 0.0
135.87, 132.98, 30.0
136.17, 132.97, 30.0
136.57, 132.9, 28.63
171.07, 160.16, 0.0
171.41, 156.0, 0.0
170.7, 156.35, 0.0
169.43, 157.1, 0.0
135.39, 130.45, 18.0
169.58, 161.13, 0.0
136.28, 131.59, 22.1
134.2, 132.12, 30.0
133.99, 132.24, 28.57
134.67, 132.25, 30.0
135.22, 132.93, 28.66
168.39, 162.17, 0.0
135.81, 132.95, 30.0
137.72, 132.31, 27.46
168.36, 161.38, 0.0
135.09, 132.58, 23.13
148.86, 130.84, 30.0
167.86, 160.18, 0.0
167.87, 159.9, 0.0
168.06, 159.25, 0.0
168.05, 159.2, 0.0
168.29, 158.1, 0.0
146.76, 134.82, 30.0
142.91, 134.52, 30.0
143.29, 117.01, -0.0
141.8, 117.58, -0.0
144.12, 117.24, -0.0
154.17, 127.57, 0.87
144.98, 118.1, -0.0
146.24, 117.33, -0.0
145.78, 116.62, -0.0
145.54, 116.43, -0.0
145.28, 116.0, -0.0
143.0, 116.9, -0.0
142.89, 116.98, -0.0
141.96, 117.39, -0.0
144.28, 117.4, -0.0
152.8, 126.76, 1.92
144.9, 179.88, -0.0
135.39, 178.94, -0.0
133.12, 178.14, -0.0
130.95, 177.11, -0.0
128.89, 175.87, -0.0
152.95, 126.74, 1.8
123.56, 171.04, -0.0
125.18, 172.82, -0.0
119.3, 163.28, -0.0
119.86, 164.88, -0.0
120.36, 163.53, -0.0
122.13, 169.11, -0.0
120.89, 167.05, -0.0
153.01, 128.8, 0.0
153.28, 129.17, 0.0
120.0, 162.48, -0.0
120.08, 162.71, -0.0
120.36, 163.53, -0.0
152.43, 128.24, 0.0
117.95, 162.98, -0.0
119.44, 160.21, -0.0
119.0, 155.57, -0.0
119.11, 157.9, -0.0
153.28, 129.22, 0.0
153.91, 126.94, 0.0
116.16, 162.35, -0.0
115.87, 161.88, -0.0
153.63, 126.74, 0.0
114.12, 160.01, -0.0
114.92, 160.68, -0.0
119.21, 158.62, -0.0
113.89, 159.86, -0.0
151.63, 126.74, 0.0
151.96, 127.28, 0.0
152.11, 127.7, 0.0
119.11, 153.24, -0.0
119.39, 151.3, -0.0
123.0, 142.23, -0.0
122.91, 142.36, -0.0
152.8, 126.74, 1.9
115.26, 153.8, -0.0
113.97, 154.56, -0.0
113.68, 154.88, -0.0
113.55, 159.06, -0.0
119.35, 151.33, -0.0
119.01, 151.55, -0.0
118.28, 152.22, -0.0
118.47, 150.72, -0.0
153.41, 126.74, 0.31
118.28, 152.23, -0.0
118.24, 152.25, -0.0
117.94, 152.44, -0.0
115.86, 153.5, -0.0
112.55, 155.68, -0.0
112.09, 156.25, -0.0
112.27, 157.79, -0.0
112.12, 157.64, -0.0
111.92, 157.08, -0.0
120.47, 147.32, -0.0
119.06, 148.39, -0.0
143.12, 132.5, 8.08
120.46, 147.08, -0.0
119.86, 146.12, -0.0
163.04, 143.98, 8.08
150.2, 125.26, 6.26
120.61, 146.9, -0.0
121.67, 144.51, -0.0
120.51, 147.02, -0.0
121.74, 144.36, -0.0
121.78, 144.28, -0.0
121.53, 143.96, -0.0
120.89, 143.95, -0.0
121.54, 143.81, -0.0
121.72, 143.06, -0.0
122.41, 142.23, -0.0
122.13, 141.89, -0.0
159.75, 173.67, 22.25
137.69, 132.24, -0.0
135.48, 132.81, -0.0
125.8, 138.75, -0.0
126.46, 138.14, -0.0
124.27, 140.48, -0.0
126.23, 138.04, -0.0
125.54, 138.14, -0.0
124.88, 138.63, -0.0
129.71, 135.55, -0.0
131.27, 134.59, -0.0
129.54, 134.31, -0.0
129.54, 134.74, -0.0
130.31, 133.53, -0.0
129.78, 133.98, -0.0
126.96, 136.56, -0.0
129.55, 135.65, -0.0
126.58, 137.87, -0.0
125.62, 138.09, -0.0
162.15, 171.12, 21.28
125.6, 138.09, -0.0
162.2, 171.35, 20.67
128.89, 135.13, -0.0
162.32, 170.9, 20.69
133.33, 133.59, -0.0
150.1, 124.62, -0.0
134.38, 130.83, -0.0
134.56, 130.58, -0.0
135.31, 128.28, -0.0
167.93, 160.55, 25.7
162.06, 171.7, 20.31
167.98, 166.46, 25.52
168.0, 166.31, 25.36
168.06, 166.33, 25.21
159.81, 171.32, 23.42
158.23, 173.39, 21.44
160.26, 171.56, 21.07
166.86, 165.9, 24.93
168.1, 166.34, 24.79
160.55, 170.99, 22.47
160.84, 170.98, 21.38
166.84, 165.9, 24.72
167.75, 166.6, 23.65
164.96, 169.15, 24.56
167.22, 162.21, 30.0
166.95, 160.59, 30.0
167.57, 159.8, 26.6
164.74, 169.45, 24.37
168.04, 159.95, 30.0
168.65, 159.51, 30.0
168.89, 158.87, 26.82
169.16, 158.33, 30.0
165.04, 169.44, 24.13
164.94, 169.64, 23.95
165.27, 168.87, 24.1
169.15, 164.07, 20.67
164.97, 169.8, 23.62
164.62, 169.79, 23.67
165.18, 169.75, 23.61
170.4, 163.12, 21.82
122.56, 167.29, 11.3
120.81, 163.55, 11.3
168.06, 166.33, 22.71
166.76, 165.87, 24.48
167.5, 166.13, 20.97
170.28, 161.25, 21.42
122.95, 174.98, 4.14
121.36, 172.33, 10.81
167.21, 166.03, 20.31
168.63, 158.89, 21.65
169.42, 159.63, 20.18
170.78, 158.65, 16.6
168.26, 164.7, 19.4
120.09, 170.84, 8.8
119.88, 172.42, 4.18
165.35, 140.11, 9.85
165.04, 142.46, 16.01
164.25, 138.83, 8.91
162.58, 137.88, 9.06
165.04, 137.39, 3.65
119.39, 169.45, 8.74
118.91, 168.11, 10.51
118.97, 168.05, 10.66
164.74, 135.79, 0.0
118.04, 170.56, 2.55
118.95, 170.42, 4.88
163.68, 143.61, 11.3
161.3, 140.23, 11.3
118.84, 172.53, 0.0
117.15, 165.95, 12.3
121.52, 163.34, 8.08
160.69, 133.23, 8.2
119.74, 159.56, 11.3
119.38, 159.62, 16.2
162.21, 136.51, 5.97
119.38, 155.45, 21.1
160.17, 132.82, 10.01
114.42, 163.72, 13.98
114.76, 158.62, 18.39
113.67, 159.57, 15.31
111.88, 159.69, 11.31
161.52, 133.8, 8.2
148.74, 124.0, 14.21
148.19, 123.67, 15.8
148.0, 123.1, 13.55
167.44, 140.33, 7.13
168.26, 140.12, 5.62
169.32, 140.13, 4.45
166.81, 140.43, 8.42
168.18, 138.55, 2.76
148.14, 122.87, 11.18
173.62, 139.22, 0.0
171.16, 138.05, 0.0
172.6, 140.23, 0.0
148.26, 124.26, 18.01
173.08, 140.46, 0.0
173.79, 139.34, 0.0
174.2, 140.42, 1.2
174.22, 139.45, 0.0
147.61, 123.62, 16.53
147.24, 122.71, 14.76
174.36, 142.21, 3.81
172.9, 140.7, 2.59
145.9, 121.6, 13.1
146.26, 123.33, 17.1
145.69, 122.2, 14.48
170.77, 139.47, 0.0
166.57, 138.34, 4.04
172.73, 145.03, 9.85
140.6, 128.98, 30.0
141.83, 128.67, 30.0
140.16, 129.44, 30.0
141.73, 128.51, 30.0
141.36, 128.45, 30.0
141.86, 128.3, 30.0
140.79, 128.06, 27.13
141.56, 128.55, 29.17
141.0, 128.45, 27.02
164.86, 169.84, 23.28
165.51, 169.87, 22.76
165.33, 169.9, 22.74
142.15, 128.28, 28.52
141.01, 127.58, 21.69
165.23, 169.37, 23.78
165.25, 169.63, 23.58
140.86, 128.27, 25.38
139.58, 129.17, 28.02
165.4, 168.64, 23.96
165.4, 168.96, 23.57
135.07, 128.55, -0.0
165.65, 168.97, 22.83
165.41, 168.63, 23.96
165.58, 168.52, 23.44
131.91, 133.6, -0.0
132.0, 133.63, -0.0
132.75, 133.21, -0.0
132.2, 133.61, -0.0
131.76, 133.55, -0.0
132.77, 133.17, -0.0
132.87, 133.13, -0.0
133.12, 132.87, -0.0
131.71, 133.53, -0.0
132.2, 133.61, -0.0
165.39, 169.6, 23.34
165.55, 169.73, 22.83
133.13, 133.0, -0.0
165.68, 169.36, 22.6
133.25, 132.82, -0.0
133.13, 133.0, -0.0
133.4, 132.59, -0.0
131.65, 133.51, -0.0
164.43, 170.0, 23.1
137.97, 121.76, -0.0
138.35, 120.83, -0.0
136.14, 125.39, -0.0
140.42, 118.98, -0.0
139.36, 119.37, -0.0
163.05, 166.9, 8.08
123.87, 140.14, -0.0
123.86, 140.15, -0.0
122.65, 141.95, -0.0
123.56, 139.96, -0.0
123.92, 139.56, -0.0
124.52, 138.9, -0.0
125.18, 138.18, -0.0
123.94, 139.33, -0.0
170.94, 167.35, 9.99
166.16, 166.52, 0.0
165.93, 166.6, 0.0
152.57, 177.21, 30.0
153.61, 173.59, 30.0
152.76, 177.16, 30.0
151.04, 178.62, 30.0
150.3, 175.13, 30.0
165.95, 166.44, 0.0
154.14, 176.41, 30.0
147.9, 179.1, 30.0
146.76, 176.08, 30.0
149.22, 179.18, 30.0
143.52, 179.3, 30.0
143.12, 176.39, 30.0
145.09, 179.46, 30.0
165.99, 165.6, 0.0
149.33, 179.1, 30.0
146.49, 179.36, 30.0
166.66, 166.96, 30.0
144.77, 121.57, 12.43
145.3, 121.12, 11.94
162.85, 162.61, 30.0
161.3, 165.92, 30.0
148.0, 122.26, 9.75
147.45, 121.78, 10.24
168.32, 156.92, 30.0
163.79, 159.09, 30.0
164.11, 155.45, 30.0
155.4, 175.26, 30.0
145.72, 119.93, 7.29
146.96, 120.82, 7.42
139.38, 127.15, 23.28
140.27, 127.63, 23.39
145.42, 120.63, 10.18
142.83, 121.5, 9.25
144.25, 120.65, 9.82
138.99, 132.13, 21.1
143.64, 122.05, 11.66
144.72, 120.28, 9.65
131.4, 133.08, 15.71
144.35, 119.04, 6.35
135.0, 133.2, 21.1
138.58, 127.95, 23.5
135.78, 128.9, 17.23
150.21, 124.81, 1.49
147.95, 121.78, 2.98
148.97, 123.86, 6.81
147.78, 121.76, 6.69
149.58, 124.87, 14.41
141.19, 127.56, 21.69
140.65, 128.11, 23.55
147.71, 121.09, 7.05
167.79, 138.64, 0.0
166.68, 136.4, 0.0
166.85, 138.21, 0.0
157.01, 174.84, 30.0
156.54, 174.79, 30.0
168.03, 156.76, 30.0
166.1, 138.05, 0.0
167.76, 136.96, 0.0
150.86, 176.68, 25.85
161.85, 134.42, 4.44
161.83, 134.49, 6.13
156.91, 174.71, 28.76
157.79, 172.56, 25.54
165.94, 136.32, 0.21
163.63, 137.05, 4.11
160.07, 171.97, 16.06
160.72, 171.38, 17.25
158.33, 173.44, 16.45
168.01, 156.73, 30.0
169.22, 158.26, 30.0
168.8, 150.98, 30.0
168.68, 152.29, 30.0
168.42, 150.58, 30.0
168.3, 150.56, 30.0
168.72, 152.67, 30.0
168.74, 152.84, 30.0
168.7, 152.68, 30.0
167.99, 154.36, 30.0
163.79, 151.81, 30.0
167.68, 154.65, 30.0
167.53, 154.91, 30.0
162.71, 135.78, 2.31
163.53, 135.66, 0.64
164.45, 136.34, 1.38
165.82, 136.19, 0.0
165.17, 137.75, 0.0
140.72, 127.8, 22.03
164.98, 137.72, 0.0
139.42, 126.74, 20.88
139.43, 126.74, 20.86
140.59, 127.41, 21.09
165.15, 137.75, 0.0
163.22, 136.58, 0.0
163.21, 136.56, 0.0
141.18, 127.48, 21.18
142.92, 127.18, 21.82
164.05, 137.42, 0.0
164.55, 135.76, 0.0
164.76, 135.79, 0.0
163.48, 135.36, 0.0
162.53, 134.26, 0.02
162.52, 134.24, 0.0
162.23, 135.25, 0.0
162.77, 135.84, 0.0
165.81, 169.57, 22.1
165.91, 169.29, 21.91
162.85, 148.29, 30.0
165.46, 148.62, 30.0
167.68, 155.74, 30.0
165.5, 169.87, 22.25
166.52, 149.63, 30.0
166.94, 149.91, 30.0
164.01, 169.63, 24.22
164.17, 169.83, 23.77
164.84, 147.23, 30.0
164.06, 145.46, 30.0
164.3, 145.64, 30.0
165.61, 148.83, 30.0
166.28, 149.36, 30.0
164.79, 146.67, 30.0
163.71, 169.79, 23.85
163.41, 144.22, 30.0
161.3, 144.98, 30.0
163.28, 143.51, 30.0
163.48, 140.7, 30.0
163.5, 140.78, 30.0
163.45, 142.21, 30.0
163.12, 140.01, 30.0
162.84, 139.54, 30.0
163.49, 140.47, 30.0
162.54, 139.41, 30.0
159.2, 141.99, 30.0
163.24, 169.63, 23.91
159.07, 138.14, 30.0
156.69, 139.49, 30.0
156.69, 134.46, 30.0
158.19, 136.56, 30.0
158.4, 137.09, 30.0
157.67, 134.44, 30.0
140.2, 180.12, 30.0
142.0, 180.78, 30.0
141.25, 180.93, 30.0
140.56, 180.69, 30.0
139.47, 176.08, 30.0
138.68, 178.7, 30.0
136.18, 178.0, 30.0
136.0, 177.98, 30.0
135.93, 175.13, 30.0
133.83, 179.16, 30.0
132.75, 178.8, 30.0
134.62, 178.49, 30.0
137.36, 178.23, 30.0
162.92, 169.36, 24.28
162.9, 169.68, 23.58
131.59, 176.19, 30.0
132.62, 173.59, 30.0
131.61, 176.2, 30.0
133.15, 179.37, 30.0
132.45, 178.13, 30.0
132.36, 177.59, 30.0
131.63, 176.23, 30.0
130.26, 175.24, 30.0
129.98, 175.11, 30.0
162.61, 169.41, 23.91
162.17, 169.52, 23.81
162.38, 169.32, 24.29
168.03, 166.32, 16.82
167.38, 166.09, 19.58
168.39, 163.95, 14.72
162.94, 170.17, 22.29
162.83, 170.12, 22.02
162.83, 170.05, 22.78
163.55, 170.16, 23.05
163.73, 170.28, 22.64
163.43, 170.28, 22.16
166.99, 164.68, 18.15
163.84, 170.27, 22.16
164.03, 170.18, 22.97
164.4, 170.15, 22.2
164.73, 170.03, 22.43
171.59, 160.51, 17.23
163.0, 170.18, 22.51
165.42, 159.37, 25.85
163.23, 169.95, 23.3
163.08, 166.37, 24.97
147.1, 119.92, 5.09
146.85, 120.33, 5.89
154.44, 175.02, 25.85
157.9, 173.02, 8.08
158.26, 173.35, 11.12
146.28, 120.21, 6.25
161.17, 170.43, 11.1
157.86, 174.57, 0.0
157.86, 174.57, 0.0
156.11, 175.87, 0.0
154.62, 175.32, 8.08
167.7, 154.48, 28.82
145.1, 119.33, 6.62
144.25, 117.5, 0.92
145.04, 118.75, 3.77
145.51, 118.92, 2.46
168.22, 155.67, 27.39
168.85, 155.37, 25.07
168.9, 156.72, 27.99
142.92, 120.62, 7.66
143.2, 119.6, 6.11
170.19, 157.45, 25.52
170.04, 157.66, 23.65
168.38, 158.2, 22.68
168.86, 150.83, 29.38
161.47, 135.18, 0.0
138.71, 126.74, 21.32
136.82, 126.74, 16.98
161.69, 133.47, 3.24
162.17, 135.08, 2.85
159.45, 133.31, 0.0
160.28, 134.65, 0.0
160.87, 134.98, 0.0
162.02, 133.3, 0.0
133.52, 132.02, 16.72
141.36, 126.74, 18.21
141.99, 125.91, 17.54
141.68, 126.74, 18.85
135.63, 126.74, 14.3
139.47, 126.74, 14.08
140.12, 126.74, 19.61
160.54, 132.44, 0.0
161.41, 132.52, 0.0
159.29, 131.83, 0.0
159.85, 132.16, 0.0
135.46, 126.74, 13.81
133.27, 129.44, 10.55
141.18, 126.74, 19.93
158.4, 132.84, 0.0
132.73, 130.87, 11.5
128.89, 133.38, 18.37
131.71, 133.01, 25.86
133.48, 132.32, 30.0
132.94, 132.89, 30.0
131.02, 132.95, 21.81
133.06, 133.09, 23.12
160.47, 140.92, 25.85
157.68, 138.14, 25.85
156.69, 139.48, 30.0
112.38, 162.12, 10.55
113.55, 164.95, 9.97
112.31, 164.59, 8.86
156.61, 139.4, 30.0
156.69, 134.46, 30.0
155.44, 134.3, 30.0
156.0, 134.5, 30.0
153.61, 137.31, 30.0
147.59, 119.72, 3.83
147.82, 120.44, 3.88
146.58, 118.31, 2.57
146.6, 118.43, 2.89
146.38, 118.31, 2.65
110.47, 159.85, 8.55
111.34, 164.49, 7.36
110.35, 165.97, 4.27
146.91, 119.22, 3.85
111.4, 161.06, 9.25
145.66, 118.31, 2.15
147.23, 118.78, 1.44
121.22, 173.08, 6.07
124.57, 176.72, 2.47
146.85, 118.31, 1.41
123.88, 176.32, 0.0
146.96, 118.31, 0.0
146.56, 117.71, 0.0
116.5, 168.4, 5.06
125.18, 172.82, 0.0
123.56, 171.04, 0.0
123.46, 170.9, 0.0
122.58, 175.61, 0.0
122.63, 175.62, 0.0
120.94, 174.13, 2.85
120.98, 174.91, 0.0
120.83, 174.72, 0.0
119.82, 173.83, 0.0
119.05, 172.88, 0.0
122.48, 175.49, 0.26
118.76, 172.36, 0.0
162.39, 169.94, 22.81
165.85, 168.48, 22.24
163.73, 166.78, 21.92
163.5, 166.61, 23.1
117.72, 156.09, 30.0
117.82, 153.88, 30.0
122.09, 154.94, 30.0
122.14, 155.25, 30.0
122.12, 155.45, 30.0
117.52, 156.91, 30.0
166.3, 167.38, 21.46
165.87, 168.04, 22.54
168.72, 152.57, 29.21
169.11, 150.82, 26.9
169.08, 151.46, 25.78
117.99, 151.57, 30.0
117.94, 151.06, 30.0
122.44, 151.81, 30.0
117.84, 153.82, 30.0
122.26, 153.86, 30.0
120.78, 146.91, 30.0
121.49, 145.48, 30.0
123.09, 148.61, 30.0
119.76, 148.2, 30.0
122.79, 150.5, 30.0
156.0, 134.4, 29.65
118.32, 148.94, 30.0
117.66, 149.43, 30.0
117.58, 150.1, 30.0
157.64, 134.4, 29.75
117.61, 150.26, 30.0
118.92, 142.25, 30.0
119.53, 141.13, 30.0
120.6, 143.52, 30.0
120.78, 143.62, 30.0
122.53, 141.02, 30.0
121.13, 144.05, 30.0
157.65, 134.8, 26.43
168.22, 153.1, 25.61
154.44, 135.88, 25.85
157.96, 135.08, 22.88
169.92, 151.39, 18.08
168.66, 152.99, 22.72
155.98, 133.88, 27.77
169.59, 155.2, 23.24
170.68, 156.35, 20.21
150.86, 134.22, 25.85
150.3, 135.77, 30.0
169.45, 157.17, 19.95
169.67, 157.9, 17.94
154.45, 133.55, 30.0
154.99, 134.94, 21.1
151.24, 133.2, 21.1
155.17, 134.62, 16.2
157.99, 134.18, 18.14
156.88, 133.44, 18.72
169.84, 154.27, 21.07
156.6, 133.19, 21.47
121.3, 144.18, 30.0
165.22, 169.95, 21.82
124.99, 144.89, 30.0
124.76, 145.35, 30.0
121.5, 145.45, 30.0
165.56, 169.95, 21.65
165.81, 169.78, 21.7
125.35, 139.86, 30.0
124.9, 140.35, 30.0
126.0, 142.91, 30.0
124.34, 140.76, 30.0
142.54, 117.83, 1.76
143.86, 117.85, 2.81
118.8, 141.07, 30.0
118.88, 142.22, 30.0
145.15, 118.31, 0.53
145.24, 118.31, 0.27
168.73, 154.29, 23.5
145.06, 118.22, 0.38
169.73, 150.43, 22.26
145.15, 118.2, 0.0
145.15, 118.31, 0.0
170.78, 150.01, 15.71
163.7, 165.61, 24.28
164.03, 163.91, 25.58
122.13, 169.11, 0.0
121.52, 168.1, 0.0
165.88, 165.56, 23.36
166.0, 166.57, 22.68
118.26, 171.94, 0.0
120.89, 167.05, 0.0
120.78, 166.81, 0.0
116.49, 170.75, 0.0
113.84, 169.63, 0.0
116.16, 162.35, 0.0
110.87, 168.85, 0.0
108.83, 168.04, 0.0
109.39, 167.64, 1.04
165.34, 169.96, 20.99
165.55, 169.98, 20.57
165.08, 169.96, 20.62
110.84, 168.83, 0.03
113.1, 166.83, 5.63
164.53, 170.0, 21.2
119.38, 155.45, 11.3
120.46, 159.22, 8.0
120.53, 159.61, 8.0
121.05, 161.54, 8.0
120.15, 155.44, 8.08
120.5, 159.5, 8.08
165.22, 169.94, 21.44
120.51, 159.5, 8.0
120.48, 159.43, 8.0
120.41, 158.62, 8.0
120.5, 159.5, 8.0
120.52, 159.57, 8.0
166.05, 169.57, 21.24
120.32, 157.34, 8.0
119.86, 164.88, 0.0
119.3, 163.28, 0.0
119.29, 163.28, 0.0
163.78, 170.21, 21.75
117.95, 162.98, 0.0
163.97, 165.71, 23.17
163.62, 166.16, 23.62
164.24, 165.19, 22.84
164.15, 165.02, 23.77
164.91, 169.95, 21.32
165.28, 169.93, 21.16
163.82, 166.47, 22.2
165.25, 163.18, 20.71
165.9, 169.83, 20.69
166.04, 169.71, 20.94
166.25, 169.53, 20.74
166.16, 169.65, 20.57
165.96, 169.73, 20.1
164.01, 166.62, 20.75
163.95, 166.15, 22.38
164.32, 165.88, 20.9
166.85, 155.45, 21.1
165.77, 155.45, 25.85
166.49, 159.56, 21.1
166.85, 159.62, 16.2
163.18, 170.21, 21.99
159.52, 177.69, 6.82
161.27, 175.09, 7.8
161.57, 175.9, 5.16
170.79, 153.77, 17.95
134.87, 132.85, 16.2
160.13, 181.84, 0.0
158.58, 183.0, 0.0
159.9, 181.7, 0.4
158.12, 182.75, 0.78
160.97, 179.94, 0.86
161.12, 180.64, 0.0
161.43, 180.28, 0.0
130.2, 133.51, 16.99
161.57, 179.81, 0.0
162.31, 178.92, 0.0
171.51, 154.97, 16.41
169.35, 152.86, 19.86
160.69, 178.49, 3.5
131.06, 134.62, 16.2
127.62, 137.03, 16.2
162.74, 177.64, 0.0
163.74, 176.01, 0.0
125.98, 135.84, 12.48
126.71, 134.59, 13.77
167.22, 155.45, 16.2
166.49, 151.34, 21.1
153.81, 177.43, 24.03
151.37, 178.78, 27.89
165.42, 151.52, 25.85
155.43, 175.26, 29.76
164.4, 147.72, 25.85
142.6, 134.47, 30.0
142.91, 134.52, 30.0
166.61, 148.13, 25.99
167.46, 147.85, 23.86
168.28, 149.79, 28.16
142.6, 134.47, 29.81
168.96, 149.57, 26.39
168.47, 148.01, 22.86
169.22, 148.7, 24.13
154.52, 133.58, 30.0
154.88, 179.33, 14.2
151.3, 179.76, 22.05
154.79, 133.2, 26.69
169.41, 149.37, 24.6
157.07, 133.33, 26.56
154.99, 175.96, 21.1
151.24, 177.7, 21.1
153.99, 132.7, 27.41
156.6, 132.33, 23.51
153.92, 180.17, 12.87
150.9, 179.96, 17.96
169.32, 147.86, 21.42
153.8, 132.17, 24.92
154.38, 132.73, 24.96
150.78, 130.97, 30.0
150.79, 130.96, 30.0
153.41, 131.16, 30.0
153.74, 131.65, 30.0
154.02, 132.76, 30.0
170.11, 148.88, 20.04
168.5, 146.25, 18.0
153.04, 130.8, 29.57
152.6, 130.12, 30.0
152.59, 130.12, 29.98
158.45, 175.0, 17.31
156.17, 177.54, 15.27
152.59, 130.12, 30.0
171.41, 148.33, 13.81
170.83, 147.63, 15.79
153.73, 131.35, 30.0
144.79, 179.88, 25.63
148.42, 179.21, 27.95
153.27, 130.84, 27.44
169.5, 146.67, 18.66
169.59, 145.8, 16.04
150.79, 130.96, 30.0
151.06, 130.84, 30.0
142.04, 181.32, 28.38
150.58, 130.84, 29.6
153.06, 130.08, 27.25
169.0, 146.64, 18.99
147.05, 177.7, 25.85
152.51, 129.9, 27.76
143.12, 178.04, 25.85
148.59, 179.74, 22.17
149.39, 180.34, 16.8
144.48, 181.33, 23.34
145.72, 182.53, 17.1
143.17, 181.95, 23.37
141.04, 181.02, 27.57
146.62, 179.92, 24.12
147.25, 180.74, 19.71
152.92, 130.84, 24.06
165.44, 165.4, 19.23
165.29, 165.35, 18.46
152.92, 130.84, 22.99
151.64, 128.64, 30.0
164.75, 165.72, 16.89
131.24, 134.94, 11.3
127.86, 137.31, 11.3
124.39, 135.84, 8.84
143.12, 179.13, 21.1
110.82, 163.47, 6.44
164.45, 166.03, 18.5
138.93, 131.77, 16.2
135.0, 133.2, 11.3
114.92, 160.68, 0.0
115.87, 161.88, 0.0
165.1, 164.8, 17.63
138.99, 132.13, 11.3
139.12, 132.85, 8.08
166.91, 170.14, 15.76
166.65, 170.08, 16.34
167.14, 169.85, 16.15
167.39, 169.89, 15.86
167.34, 170.09, 15.42
114.12, 160.01, 0.0
167.6, 169.81, 15.48
135.25, 133.89, 8.08
132.09, 126.74, 5.38
137.0, 126.74, 5.87
166.17, 170.21, 16.1
113.55, 159.06, 0.0
167.09, 170.26, 15.36
166.74, 170.3, 15.26
112.27, 157.79, 0.0
166.37, 170.26, 15.63
131.58, 132.12, 12.52
120.5, 151.38, 8.08
128.33, 137.87, 8.08
116.9, 156.82, 26.05
128.89, 133.64, 12.21
167.67, 169.3, 16.06
168.0, 169.48, 14.59
122.09, 154.94, 29.81
169.18, 167.75, 13.74
167.91, 169.76, 14.0
166.5, 170.28, 14.99
167.25, 170.24, 14.94
130.13, 131.38, 8.26
117.76, 153.94, 29.7
120.81, 151.52, 25.85
167.53, 170.1, 14.04
123.09, 148.61, 29.5
145.21, 118.2, 0.0
145.2, 118.23, 0.0
168.68, 166.55, 15.72
169.28, 166.76, 14.09
126.94, 133.81, 11.66
119.74, 151.34, 21.1
127.08, 133.8, 7.8
167.84, 169.79, 13.05
125.59, 134.58, 10.47
167.05, 170.26, 14.19
132.78, 128.12, 8.3
166.99, 170.22, 13.37
167.62, 169.82, 11.98
117.22, 152.22, 26.64
131.61, 135.58, 8.08
131.61, 175.32, 8.08
146.24, 117.33, 0.0
147.24, 178.77, 21.1
145.78, 116.62, 0.0
145.28, 116.0, 0.0
145.54, 116.43, 0.0
126.96, 136.56, 0.0
125.62, 137.78, 0.0
128.89, 135.13, 0.0
129.55, 134.74, 0.0
129.55, 134.74, 0.0
129.54, 134.31, 0.0
143.07, 117.03, 0.32
149.67, 181.32, 13.55
147.48, 181.43, 16.84
163.19, 170.12, 21.55
162.54, 170.06, 22.06
144.01, 182.29, 18.71
142.89, 181.05, 19.51
164.86, 147.22, 29.69
162.95, 170.07, 21.53
140.43, 179.57, 24.8
145.32, 181.76, 12.06
152.79, 180.78, 10.95
155.17, 176.27, 16.2
164.45, 144.76, 26.86
134.0, 179.42, 25.81
132.72, 177.8, 28.15
154.99, 175.96, 11.3
115.02, 156.74, 19.81
138.13, 179.0, 25.55
151.36, 178.04, 16.2
150.71, 127.28, 25.81
134.93, 178.96, 28.18
152.14, 129.35, 27.25
137.43, 179.14, 24.55
152.47, 128.74, 25.56
113.26, 156.18, 15.31
113.97, 153.01, 17.98
116.03, 152.9, 22.49
151.56, 128.3, 24.32
151.38, 128.01, 23.19
112.82, 153.23, 14.56
114.9, 152.05, 15.54
151.26, 127.15, 19.41
166.96, 170.1, 12.38
152.47, 129.21, 23.33
151.39, 128.03, 30.0
150.1, 127.82, 30.0
150.47, 126.91, 26.07
116.07, 151.28, 21.4
170.31, 167.12, 11.62
169.87, 166.97, 12.85
123.5, 147.81, 29.76
169.43, 168.36, 11.49
156.96, 178.99, 9.23
163.25, 142.93, 28.47
163.43, 143.52, 26.91
164.86, 146.08, 28.31
164.19, 169.98, 20.69
163.22, 170.02, 21.27
164.81, 169.95, 19.63
162.62, 170.0, 21.5
162.26, 170.06, 21.49
163.85, 144.71, 28.24
151.58, 181.0, 10.64
154.38, 181.57, 6.75
152.84, 182.32, 5.95
151.11, 181.97, 9.38
154.94, 180.94, 8.69
157.98, 180.95, 4.16
156.17, 181.9, 4.44
164.94, 144.92, 25.39
151.24, 177.7, 11.3
163.79, 143.65, 24.83
163.1, 142.34, 24.55
163.42, 142.68, 23.19
163.03, 169.74, 20.49
163.5, 169.86, 20.56
162.96, 169.82, 20.86
162.68, 169.84, 20.97
163.68, 143.61, 21.1
162.73, 144.15, 25.85
165.42, 147.35, 21.1
166.71, 170.04, 11.4
166.07, 170.07, 10.62
165.99, 167.96, 21.98
165.43, 145.94, 22.6
165.2, 146.14, 24.22
163.58, 167.22, 21.38
143.12, 179.5, 16.2
147.3, 179.13, 16.2
161.71, 170.02, 24.34
148.93, 182.56, 11.84
161.79, 170.18, 23.4
165.15, 143.38, 19.17
165.07, 143.94, 22.16
160.44, 170.24, 24.52
147.15, 183.14, 11.98
160.97, 170.71, 22.11
165.17, 144.81, 21.38
161.96, 169.6, 24.21
121.83, 147.72, 25.85
151.51, 128.21, 30.0
127.14, 130.38, 0.0
120.34, 147.21, 27.5
149.37, 125.9, 22.46
118.27, 149.56, 24.76
119.59, 148.33, 26.64
154.1, 131.35, 20.61
154.4, 132.29, 23.12
163.47, 171.17, 15.43
163.31, 171.46, 13.63
162.78, 171.67, 16.11
122.56, 143.61, 21.1
162.15, 172.41, 15.14
155.5, 131.26, 20.21
162.99, 171.75, 13.7
162.8, 171.89, 14.1
153.78, 130.84, 22.17
120.75, 145.31, 25.22
140.43, 180.14, 18.83
143.13, 180.89, 14.64
144.26, 181.93, 9.43
146.15, 183.1, 4.41
147.23, 183.06, 6.42
119.57, 147.24, 21.2
148.76, 183.33, 10.27
118.56, 148.7, 20.17
153.87, 130.84, 21.62
120.81, 147.35, 21.1
153.76, 130.74, 21.32
154.12, 130.84, 18.73
147.24, 178.77, 11.3
143.12, 179.13, 11.3
153.29, 130.84, 19.95
118.4, 144.89, 21.9
150.69, 183.39, 7.56
119.65, 146.14, 20.61
152.39, 129.24, 22.57
117.87, 142.85, 26.05
116.86, 144.29, 20.59
150.95, 127.28, 20.26
155.14, 184.34, 0.73
156.52, 184.05, 0.0
155.73, 184.49, 0.0
118.29, 147.19, 15.94
154.35, 185.56, 0.0
151.88, 178.14, 0.0
157.36, 183.46, 0.0
152.85, 185.24, 0.0
154.28, 185.62, 0.0
152.89, 184.77, 2.91
116.69, 150.41, 12.67
150.67, 184.55, 4.91
152.46, 185.26, 0.0
150.96, 185.3, 0.0
151.29, 185.15, 0.57
120.46, 147.23, 16.2
122.24, 143.43, 16.2
124.65, 139.99, 16.2
124.93, 140.23, 21.1
150.6, 185.2, 0.0
148.74, 184.17, 4.04
155.55, 131.96, 16.8
153.33, 183.43, 3.62
156.81, 180.02, 7.73
122.52, 141.86, 22.0
120.4, 143.04, 16.39
121.51, 142.43, 16.5
155.09, 131.28, 17.5
154.13, 130.42, 16.41
153.97, 130.5, 17.0
153.24, 130.84, 20.17
117.82, 144.26, 9.96
119.67, 143.48, 11.08
153.06, 129.85, 19.48
117.11, 150.09, 27.84
135.25, 177.01, 8.08
143.12, 178.39, 8.08
135.37, 176.68, 25.85
139.18, 177.7, 25.85
162.13, 172.24, 16.36
134.38, 130.83, 0.0
134.56, 130.58, 0.0
135.07, 128.55, 0.0
129.62, 126.74, 0.0
138.99, 178.77, 21.1
135.0, 177.7, 21.1
135.31, 128.28, 0.0
135.75, 126.74, 0.0
159.98, 172.02, 13.68
160.86, 171.26, 15.66
161.27, 170.86, 14.91
160.87, 171.21, 13.42
135.46, 180.73, 19.78
134.55, 179.2, 21.15
130.61, 127.35, 2.12
160.93, 173.85, 13.71
161.65, 172.72, 16.3
160.11, 173.8, 18.13
127.81, 132.68, 6.76
127.37, 130.84, 4.2
125.76, 132.2, 2.88
141.4, 180.2, 20.1
139.4, 180.8, 15.99
166.32, 170.14, 12.75
165.68, 170.2, 14.65
128.05, 129.62, 0.0
137.02, 182.2, 14.43
136.74, 181.89, 10.96
133.12, 132.87, 0.0
131.76, 133.51, 0.0
133.25, 132.82, 0.0
133.25, 132.82, 0.0
137.51, 181.04, 17.04
165.4, 170.19, 16.09
166.08, 170.26, 15.18
133.4, 132.59, 0.0
128.2, 129.57, 0.0
138.93, 179.13, 16.2
131.71, 133.53, 0.0
131.71, 133.53, 0.0
164.77, 170.03, 14.46
165.1, 170.16, 16.07
131.65, 133.51, 0.0
130.31, 133.53, 0.0
129.78, 133.98, 0.0
129.35, 175.6, 25.48
165.12, 170.06, 13.97
165.75, 170.15, 13.69
128.5, 129.04, 0.0
131.35, 176.8, 23.89
164.48, 169.93, 15.45
163.63, 170.79, 16.3
163.78, 170.88, 15.25
163.88, 170.31, 16.19
163.43, 171.07, 16.26
128.82, 130.65, 3.8
127.78, 129.8, 0.0
131.79, 175.02, 25.85
163.93, 170.52, 15.57
164.03, 169.98, 15.71
164.09, 169.91, 15.99
164.18, 169.84, 15.62
164.33, 170.01, 16.28
126.91, 130.4, 0.0
133.31, 178.13, 21.91
129.97, 176.81, 20.8
154.73, 182.28, 4.22
126.51, 130.25, 0.0
161.88, 169.87, 23.6
161.22, 169.65, 24.05
147.11, 178.05, 8.08
163.99, 143.43, 16.2
161.48, 169.3, 24.06
165.77, 147.23, 16.2
165.4, 144.26, 18.56
162.08, 169.92, 23.06
161.9, 170.15, 23.02
161.77, 170.69, 23.17
154.05, 177.11, 0.0
171.88, 157.89, 13.45
149.61, 178.94, 0.0
172.01, 154.62, 12.85
172.36, 152.96, 13.14
170.96, 156.37, 15.1
148.67, 183.78, 7.74
162.02, 170.16, 22.25
172.62, 156.31, 11.84
162.32, 170.03, 22.41
146.2, 183.61, 0.0
146.37, 183.58, 0.0
146.37, 183.57, 0.0
161.91, 170.31, 22.6
146.3, 183.47, 0.51
147.57, 183.88, 0.0
146.49, 183.56, 0.0
166.85, 155.45, 11.3
147.83, 184.07, 2.88
148.54, 184.44, 0.0
147.28, 179.53, 0.0
144.9, 179.88, 0.0
166.85, 151.27, 16.2
171.4, 151.14, 13.94
143.78, 183.91, 0.0
142.61, 184.19, 0.09
142.93, 184.25, 0.0
142.66, 184.21, 0.0
173.66, 156.47, 9.06
172.78, 158.52, 11.36
162.26, 169.89, 15.75
162.55, 169.53, 15.67
164.23, 170.01, 15.27
164.27, 170.25, 14.79
142.63, 184.23, 0.0
142.32, 184.69, 0.0
141.47, 185.82, 0.0
142.35, 184.66, 0.0
164.04, 170.64, 14.78
142.5, 180.0, 0.0
140.1, 179.88, 0.0
174.3, 154.87, 8.2
143.94, 182.5, 5.8
141.7, 182.19, 7.63
163.97, 170.78, 13.92
164.5, 170.02, 14.77
173.04, 153.8, 11.19
174.48, 153.26, 8.77
139.12, 178.05, 8.08
173.72, 152.45, 9.91
171.98, 150.64, 12.1
153.39, 130.84, 19.84
153.83, 130.84, 18.74
166.12, 155.45, 8.08
166.49, 151.34, 11.3
175.04, 154.44, 4.07
175.45, 153.35, 5.95
176.48, 152.84, 3.28
153.95, 130.47, 17.0
154.0, 130.71, 18.23
175.78, 151.14, 4.99
176.52, 151.63, 3.86
171.65, 150.16, 12.98
171.46, 146.81, 13.14
150.97, 126.74, 19.01
151.3, 127.6, 17.58
151.98, 128.67, 20.84
167.0, 144.13, 14.46
167.65, 143.71, 12.45
168.76, 143.84, 11.64
169.98, 145.28, 13.58
150.06, 126.0, 20.52
151.03, 126.74, 18.22
170.88, 145.32, 12.47
117.06, 143.01, 21.4
116.12, 144.11, 19.18
148.9, 127.9, 30.0
148.97, 130.93, 30.0
149.31, 130.97, 30.0
149.02, 130.84, 29.58
116.67, 143.76, 16.91
118.68, 143.03, 16.69
148.88, 130.84, 29.67
147.05, 133.2, 25.85
147.68, 128.0, 30.0
143.12, 132.85, 25.85
143.12, 131.77, 21.1
119.38, 151.27, 16.2
119.01, 155.45, 16.2
119.74, 151.34, 11.3
147.56, 127.2, 26.84
148.15, 126.42, 24.31
146.65, 127.35, 28.5
146.88, 126.55, 24.59
146.71, 127.72, 30.0
146.06, 126.5, 25.54
145.92, 127.12, 28.18
112.03, 155.87, 12.36
111.16, 155.24, 11.19
112.36, 153.46, 10.57
114.11, 152.32, 12.26
145.95, 127.77, 30.0
145.54, 127.51, 28.83
146.48, 125.19, 20.47
145.45, 127.75, 30.0
143.81, 128.32, 30.0
144.47, 127.96, 30.0
143.48, 128.44, 30.0
142.56, 128.51, 30.0
144.32, 127.7, 28.5
161.17, 170.34, 22.6
161.48, 169.98, 22.56
161.85, 169.34, 22.92
161.92, 168.91, 23.41
109.39, 155.56, 6.13
177.99, 150.62, 0.7
175.99, 152.6, 0.0
175.62, 152.96, 0.0
125.86, 130.09, 1.38
124.98, 130.27, 0.0
113.96, 152.46, 8.44
114.64, 151.51, 7.82
113.1, 152.98, 4.9
114.0, 151.79, 4.07
175.27, 153.56, 0.0
130.11, 126.74, 0.76
129.63, 126.74, 0.01
112.58, 153.5, 7.19
111.42, 154.44, 4.34
117.33, 148.61, 13.59
173.46, 151.61, 0.0
176.9, 151.93, 0.0
174.38, 151.3, 0.0
120.81, 147.35, 11.3
129.46, 129.79, 2.66
127.77, 129.85, 0.0
141.7, 123.58, 11.37
122.56, 143.61, 11.3
121.51, 147.59, 8.08
177.8, 150.78, 0.0
175.81, 150.06, 0.0
175.01, 150.57, 0.0
174.68, 150.85, 0.0
178.14, 150.54, 0.0
162.3, 169.77, 23.18
131.24, 175.96, 21.1
162.41, 167.98, 23.78
134.87, 178.04, 16.2
161.99, 170.57, 21.98
176.2, 147.81, 2.56
175.31, 146.37, 4.13
176.44, 146.55, 2.34
130.61, 179.01, 14.81
161.9, 170.66, 22.48
175.85, 149.38, 3.64
176.66, 148.88, 2.0
176.89, 149.0, 0.0
178.41, 149.83, 0.0
161.86, 169.9, 21.16
161.71, 169.86, 22.01
176.59, 149.19, 0.0
138.99, 178.77, 11.3
177.12, 148.46, 0.0
161.84, 169.57, 22.37
162.22, 169.15, 21.78
143.99, 124.05, 16.54
139.8, 124.06, 8.87
176.94, 147.57, 1.22
178.11, 146.86, 0.0
178.06, 146.97, 0.0
178.07, 147.02, 0.0
135.22, 180.03, 16.19
142.63, 125.0, 15.76
137.97, 125.07, 4.91
139.39, 123.11, 6.52
139.48, 181.92, 10.74
177.78, 146.59, 0.0
177.88, 146.77, 0.0
178.04, 147.61, 0.0
139.04, 181.17, 13.73
140.39, 122.22, 7.52
177.96, 147.37, 0.0
136.45, 182.09, 8.38
138.55, 182.97, 10.73
137.76, 183.36, 10.59
140.94, 121.35, 5.5
138.38, 120.78, 0.02
141.46, 120.65, 4.77
176.8, 146.76, 0.0
177.79, 146.56, 0.0
176.83, 146.31, 0.0
140.52, 118.98, 0.07
134.45, 181.24, 9.06
136.04, 182.06, 7.61
178.3, 145.79, 0.0
135.0, 177.7, 11.3
132.56, 179.72, 12.19
133.36, 179.69, 13.68
176.74, 146.58, 0.0
162.46, 168.85, 21.49
173.1, 146.78, 9.14
172.42, 147.12, 11.29
171.95, 149.2, 12.21
162.29, 170.0, 20.94
162.2, 170.2, 21.18
124.5, 140.42, 27.12
124.72, 138.75, 26.28
124.63, 138.62, 22.51
173.34, 149.11, 8.01
123.68, 141.1, 28.04
173.31, 148.31, 7.78
118.34, 141.43, 27.86
122.07, 141.47, 26.25
166.92, 142.77, 11.62
162.32, 170.49, 20.66
169.79, 143.46, 9.84
167.96, 142.77, 10.2
162.34, 170.12, 20.67
162.66, 169.13, 14.71
173.71, 144.47, 7.74
163.1, 168.57, 15.51
162.45, 169.88, 20.78
165.42, 147.35, 11.3
163.81, 167.33, 13.96
162.41, 171.13, 20.04
161.68, 170.26, 20.63
164.73, 147.6, 8.08
161.18, 170.81, 20.27
128.97, 178.28, 14.85
127.97, 177.31, 15.48
131.24, 175.96, 11.3
116.74, 143.74, 13.2
128.1, 177.14, 11.6
116.34, 146.88, 12.39
133.23, 181.0, 8.83
164.23, 170.46, 14.18
164.67, 170.07, 14.0
131.17, 180.49, 10.47
130.59, 180.97, 8.77
165.96, 170.11, 12.62
129.05, 179.12, 9.81
164.94, 170.02, 13.48
164.78, 170.05, 13.07
126.45, 176.0, 9.24
164.97, 169.96, 12.49
165.09, 169.93, 13.0
173.44, 157.4, 0.0
173.42, 157.44, 0.0
172.21, 158.65, 7.82
115.49, 149.73, 8.53
163.47, 171.56, 11.82
173.09, 156.05, 1.91
115.31, 145.44, 10.53
115.5, 149.07, 6.42
162.76, 168.77, 13.41
163.28, 168.01, 13.1
173.85, 154.33, 1.18
120.13, 155.44, 8.0
120.15, 155.6, 8.0
173.43, 157.18, 0.0
120.46, 151.67, 8.0
120.15, 155.27, 8.0
120.98, 149.59, 8.0
120.5, 151.38, 8.0
163.97, 166.92, 13.21
120.16, 155.43, 8.0
120.16, 155.44, 8.0
140.57, 183.39, 5.39
138.85, 184.48, 6.01
120.27, 156.66, 8.0
161.95, 170.21, 15.82
120.27, 154.16, 8.0
120.37, 152.98, 8.0
120.48, 151.47, 8.0
120.51, 151.38, 8.0
161.44, 170.6, 13.26
161.98, 169.99, 14.4
137.8, 183.45, 4.78
139.54, 185.04, 0.98
143.39, 128.11, 28.05
140.1, 185.38, 0.0
141.07, 186.0, 0.0
139.67, 185.34, 0.0
139.02, 185.1, 0.0
140.6, 185.73, 1.82
144.7, 126.98, 26.16
145.16, 126.1, 23.25
147.24, 132.13, 21.1
135.39, 178.94, 0.0
135.58, 184.97, 0.0
137.72, 179.53, 0.0
120.48, 151.47, 8.0
135.25, 184.81, 0.35
134.83, 183.63, 2.81
137.56, 184.93, 0.0
118.27, 152.06, 0.0
118.47, 150.72, 0.0
118.55, 150.42, 0.0
118.26, 152.11, 0.0
134.67, 185.14, 0.0
118.24, 152.25, 0.0
118.24, 152.25, 0.0
117.94, 152.44, 0.0
148.76, 126.02, 22.81
123.2, 140.58, 21.01
122.67, 140.06, 17.1
163.02, 171.35, 16.61
162.55, 171.66, 17.25
133.12, 178.14, 0.0
133.24, 185.5, 0.0
132.26, 184.83, 0.0
131.92, 184.66, 0.0
133.15, 184.6, 1.71
130.86, 182.83, 3.38
162.95, 171.04, 17.74
132.3, 182.44, 6.03
120.33, 141.61, 11.46
162.56, 171.41, 18.34
129.94, 180.84, 6.49
121.16, 140.23, 10.26
124.93, 140.23, 11.3
175.69, 143.37, 4.22
177.14, 143.86, 2.29
175.86, 144.98, 4.03
126.5, 177.11, 5.51
127.4, 178.87, 2.44
129.43, 180.21, 3.51
125.93, 178.05, 2.51
129.92, 181.93, 0.0
130.0, 182.12, 0.0
131.26, 183.91, 0.0
176.63, 144.9, 2.06
177.11, 142.28, 1.8
121.96, 138.84, 9.05
122.78, 137.09, 8.65
122.06, 136.34, 4.54
123.39, 135.43, 5.78
129.12, 180.74, 0.54
129.2, 180.99, 0.0
119.33, 138.57, 2.75
118.86, 137.86, 1.67
176.87, 146.19, 0.0
120.49, 138.96, 5.34
127.44, 179.74, 0.0
176.82, 146.27, 0.0
177.03, 145.38, 0.0
178.43, 144.22, 0.0
176.58, 145.96, 0.0
176.66, 146.12, 0.0
176.58, 145.98, 0.0
130.95, 177.11, 0.0
128.89, 175.87, 0.0
124.63, 134.7, 5.82
126.06, 178.58, 0.0
126.47, 179.23, 0.0
178.2, 142.89, 1.18
121.68, 135.79, 1.58
178.31, 143.64, 0.22
124.61, 175.78, 7.8
122.95, 134.7, 0.0
125.13, 133.91, 3.01
178.47, 143.59, 0.0
179.0, 142.78, 0.0
178.79, 142.57, 0.0
143.08, 127.11, 21.91
142.6, 126.87, 21.98
142.64, 126.74, 21.69
173.62, 155.09, 0.0
171.88, 155.59, 0.0
173.62, 155.89, 0.0
177.64, 143.08, 0.0
177.46, 142.92, 0.0
143.14, 127.03, 21.68
177.18, 143.7, 0.0
178.03, 141.07, 0.0
142.99, 126.74, 20.46
143.2, 126.74, 21.07
168.33, 158.25, 0.0
168.65, 158.0, 0.0
169.39, 157.08, 0.0
173.2, 151.9, 0.0
172.93, 152.47, 0.0
174.22, 153.96, 0.0
172.93, 153.08, 0.0
173.93, 154.33, 0.0
172.74, 154.29, 0.0
172.76, 154.07, 0.0
143.38, 125.93, 19.39
160.98, 172.99, 19.11
144.98, 125.5, 21.12
146.12, 125.42, 21.91
165.77, 151.46, 8.08
173.69, 147.08, 7.38
162.2, 171.75, 19.14
174.72, 145.68, 6.88
161.96, 172.3, 17.31
161.39, 170.75, 17.16
147.79, 124.83, 19.65
160.47, 171.54, 18.97
148.74, 124.91, 18.67
174.46, 146.31, 5.64
146.53, 124.67, 18.12
162.4, 171.71, 18.0
145.72, 124.42, 19.6
176.04, 141.53, 0.0
176.8, 141.77, 0.0
174.95, 139.72, 0.0
177.17, 140.75, 0.0
146.81, 124.11, 17.14
162.28, 169.33, 12.05
110.27, 155.3, 4.06
114.49, 151.19, 1.99
161.66, 170.49, 15.63
113.68, 154.88, 0.0
113.97, 154.56, 0.0
110.86, 155.05, 0.0
111.92, 157.08, 0.0
164.56, 170.56, 11.71
125.33, 177.86, 0.0
125.08, 177.43, 0.0
166.19, 170.1, 11.69
112.09, 156.25, 0.0
111.25, 154.77, 0.0
125.03, 177.44, 0.0
112.27, 153.68, 1.13
165.96, 170.1, 12.19
165.6, 170.04, 12.16
122.13, 141.89, 0.0
121.92, 142.23, 0.0
123.56, 139.96, 0.0
165.06, 169.97, 11.94
123.91, 139.57, 0.0
123.91, 139.57, 0.0
123.94, 139.33, 0.0
117.63, 138.92, 0.0
125.18, 138.18, 0.0
124.52, 138.9, 0.0
125.23, 138.12, 0.0
125.22, 138.14, 0.0
122.68, 134.83, 0.0
165.84, 170.1, 8.69
123.6, 134.35, 0.0
123.14, 134.56, 0.0
164.76, 170.57, 10.5
166.67, 166.95, 29.96
166.84, 166.87, 29.7
149.31, 124.85, 17.1
162.67, 168.56, 11.34
163.74, 167.16, 11.34
163.59, 167.15, 10.71
162.53, 168.92, 11.3
162.13, 168.79, 9.55
162.53, 168.92, 11.3
161.94, 168.72, 9.03
146.13, 124.08, 18.31
145.09, 123.43, 16.87
143.98, 125.08, 18.85
165.34, 169.92, 9.97
162.01, 168.74, 8.97
145.48, 124.99, 20.34
169.01, 162.97, 9.94
119.86, 146.12, 0.0
121.52, 142.9, 0.0
116.24, 141.3, 0.0
165.44, 169.92, 19.82
167.18, 163.7, 11.76
166.25, 169.62, 19.5
171.24, 161.05, 14.09
164.65, 170.07, 18.69
165.32, 169.92, 19.15
164.73, 169.99, 19.07
165.69, 169.93, 19.25
165.37, 170.02, 18.57
166.0, 169.84, 19.3
171.53, 160.13, 9.36
166.44, 169.78, 18.5
162.5, 169.94, 20.38
123.64, 134.29, 0.0
124.12, 133.08, 0.0
121.11, 135.76, 0.0
123.65, 134.33, 0.05
162.58, 170.64, 19.53
162.74, 169.97, 19.56
117.71, 137.87, 0.0
162.67, 169.81, 20.16
112.09, 153.88, 0.0
112.55, 155.68, 0.0
119.6, 136.24, 0.0
120.32, 136.17, 0.0
120.25, 136.5, 1.33
115.26, 153.8, 0.0
115.86, 153.5, 0.0
117.54, 141.04, 2.12
112.62, 153.48, 0.0
113.47, 152.7, 0.0
113.85, 152.18, 0.0
124.38, 130.86, 0.0
124.1, 131.29, 0.0
124.69, 131.07, 1.03
163.4, 169.8, 20.17
120.96, 149.68, 8.0
123.2, 143.98, 8.08
121.5, 147.6, 8.06
119.79, 146.33, 0.0
121.92, 142.24, 0.0
121.56, 142.85, 0.0
