4154
-29.54, -10.12, 12.78
-29.43, -10.15, 12.67
-29.46, -10.23, 12.81
-29.32, -10.25, 12.7
-29.34, -10.31, 12.81
-29.2, -10.33, 12.75
-29.21, -10.36, 12.81
-29.06, -10.38, 12.82
-29.21, -10.4, 12.96
-29.06, -10.41, 12.97
-29.06, -10.41, 13.12
-29.21, -10.4, 13.12
-29.06, -10.38, 13.27
-29.21, -10.36, 13.27
-29.2, -10.33, 13.34
-29.34, -10.31, 13.27
-29.32, -10.25, 13.38
-29.46, -10.23, 13.27
-29.43, -10.15, 13.41
-29.54, -10.12, 13.3
-29.55, -10.12, 13.27
-29.61, -10.07, 13.18
-29.58, -10.14, 13.12
-29.66, -10.01, 13.04
-29.58, -10.14, 12.96
-29.61, -10.07, 12.91
-29.55, -10.12, 12.81
-29.48, -10.26, 13.12
-29.36, -10.34, 13.12
-29.48, -10.26, 12.96
-29.36, -10.34, 12.96
-23.31, -6.18, 2.71
-23.25, -6.05, 2.67
-23.24, -6.18, 2.68
-23.1, -6.05, 2.63
-23.09, -6.2, 2.65
-22.94, -6.05, 2.63
-22.94, -6.2, 2.65
-22.79, -6.18, 2.68
-22.78, -6.32, 2.74
-22.73, -6.18, 2.71
-22.68, -6.3, 2.79
-22.79, -6.05, 2.67
-22.79, -6.45, 2.82
-22.65, -6.41, 2.89
-22.76, -6.52, 2.92
-22.94, -6.57, 2.9
-22.89, -6.6, 2.97
-23.02, -6.64, 3.03
-23.09, -6.57, 2.9
-23.15, -6.6, 2.97
-23.28, -6.52, 2.92
-23.25, -6.45, 2.82
-23.39, -6.41, 2.89
-23.36, -6.3, 2.79
-23.25, -6.32, 2.74
-23.1, -6.34, 2.7
-22.94, -6.34, 2.7
-23.1, -6.47, 2.79
-22.94, -6.47, 2.79
-33.14, 0.26, 6.52
-33.21, 0.24, 6.58
-33.17, 0.37, 6.63
-33.29, 0.28, 6.7
-33.27, 0.34, 6.74
-33.35, 0.29, 6.86
-33.4, 0.16, 6.85
-33.4, 0.23, 7.0
-33.43, 0.08, 7.0
-33.42, 0.0, 6.85
-33.43, -0.08, 7.0
-33.4, -0.16, 6.85
-33.4, -0.23, 7.0
-33.35, -0.29, 6.86
-33.29, -0.28, 6.7
-33.27, -0.34, 6.74
-33.17, -0.37, 6.63
-33.21, -0.24, 6.58
-33.14, -0.26, 6.52
-33.15, -0.09, 6.47
-33.09, -0.13, 6.45
-33.03, 0.0, 6.4
-33.16, 0.0, 6.47
-33.15, 0.09, 6.47
-33.28, 0.0, 6.58
-33.26, 0.12, 6.58
-33.36, 0.0, 6.7
-33.35, 0.15, 6.7
-33.09, 0.13, 6.45
-33.35, -0.15, 6.7
-33.26, -0.12, 6.58
-30.69, -1.77, 5.59
-28.25, -3.28, 4.66
-25.8, -4.79, 3.72
-25.76, -4.67, 3.64
-28.2, -3.16, 4.58
-30.65, -1.64, 5.51
-32.42, -2.74, 8.38
-31.48, -5.18, 9.89
-30.55, -7.63, 11.4
-30.47, -7.68, 11.27
-31.4, -5.23, 9.76
-32.34, -2.79, 8.25
-16.71, -10.25, 12.7
-16.6, -10.15, 12.67
-16.58, -10.23, 12.81
-16.5, -10.12, 12.78
-16.48, -10.12, 12.81
-16.42, -10.07, 12.91
-16.45, -10.14, 12.96
-16.38, -10.01, 13.04
-16.45, -10.14, 13.12
-16.42, -10.07, 13.18
-16.48, -10.12, 13.27
-16.5, -10.12, 13.3
-16.58, -10.23, 13.27
-16.6, -10.15, 13.41
-16.71, -10.25, 13.38
-16.7, -10.31, 13.27
-16.84, -10.33, 13.34
-16.83, -10.36, 13.27
-16.97, -10.38, 13.27
-16.82, -10.4, 13.12
-16.97, -10.41, 13.12
-16.97, -10.41, 12.97
-16.82, -10.4, 12.96
-16.97, -10.38, 12.82
-16.83, -10.36, 12.81
-16.84, -10.33, 12.75
-16.7, -10.31, 12.81
-16.55, -10.26, 13.12
-16.68, -10.34, 13.12
-16.55, -10.26, 12.96
-16.68, -10.34, 12.96
-22.89, -6.6, 23.12
-22.94, -6.57, 23.18
-23.02, -6.64, 23.05
-23.09, -6.57, 23.18
-23.15, -6.6, 23.12
-23.28, -6.52, 23.16
-23.25, -6.45, 23.26
-23.39, -6.41, 23.19
-23.36, -6.3, 23.3
-23.25, -6.32, 23.35
-23.31, -6.18, 23.37
-23.24, -6.18, 23.41
-23.25, -6.05, 23.42
-23.1, -6.05, 23.46
-23.09, -6.2, 23.44
-22.94, -6.2, 23.44
-23.1, -6.34, 23.38
-22.94, -6.34, 23.38
-23.1, -6.47, 23.3
-22.94, -6.47, 23.3
-22.76, -6.52, 23.16
-22.79, -6.45, 23.26
-22.78, -6.32, 23.35
-22.79, -6.18, 23.41
-22.94, -6.05, 23.46
-22.65, -6.41, 23.19
-22.68, -6.3, 23.3
-22.73, -6.18, 23.37
-22.79, -6.05, 23.42
-33.27, 0.34, 19.35
-33.29, 0.28, 19.38
-33.17, 0.37, 19.46
-33.21, 0.24, 19.51
-33.14, 0.26, 19.56
-33.15, 0.09, 19.61
-33.09, 0.13, 19.64
-33.03, 0.0, 19.68
-33.16, 0.0, 19.61
-33.15, -0.09, 19.61
-33.28, 0.0, 19.51
-33.26, -0.12, 19.51
-33.36, 0.0, 19.38
-33.35, -0.15, 19.38
-33.42, 0.0, 19.24
-33.4, -0.16, 19.24
-33.43, -0.08, 19.09
-33.4, -0.23, 19.09
-33.35, 0.29, 19.22
-33.4, 0.16, 19.24
-33.35, 0.15, 19.38
-33.4, 0.23, 19.09
-33.43, 0.08, 19.09
-33.35, -0.29, 19.22
-33.29, -0.28, 19.38
-33.21, -0.24, 19.51
-33.27, -0.34, 19.35
-33.17, -0.37, 19.46
-33.14, -0.26, 19.56
-33.09, -0.13, 19.64
-33.26, 0.12, 19.51
-33.43, -0.08, 16.07
-33.43, -0.08, 13.04
-33.43, -0.08, 10.02
-33.43, 0.08, 10.02
-33.43, 0.08, 13.04
-33.43, 0.08, 16.07
-32.34, -2.79, 17.83
-31.4, -5.23, 16.32
-30.47, -7.68, 14.81
-30.55, -7.63, 14.69
-31.48, -5.18, 16.2
-32.42, -2.74, 17.71
-30.65, -1.64, 20.57
-28.2, -3.16, 21.51
-25.76, -4.67, 22.44
-25.8, -4.79, 22.36
-28.25, -3.28, 21.43
-30.69, -1.77, 20.5
-12.6, -0.08, 7.0
-12.64, -0.23, 7.0
-12.64, -0.16, 6.85
-12.69, -0.29, 6.86
-12.75, -0.28, 6.7
-12.76, -0.34, 6.74
-12.87, -0.37, 6.63
-12.82, -0.24, 6.58
-12.9, -0.26, 6.52
-12.94, -0.13, 6.45
-12.89, -0.09, 6.47
-13.01, 0.0, 6.4
-12.87, 0.0, 6.47
-12.89, 0.09, 6.47
-12.77, 0.12, 6.58
-12.82, 0.24, 6.58
-12.75, 0.28, 6.7
-12.87, 0.37, 6.63
-12.76, 0.34, 6.74
-12.94, 0.13, 6.45
-12.9, 0.26, 6.52
-12.69, 0.29, 6.86
-12.64, 0.16, 6.85
-12.69, 0.15, 6.7
-12.67, 0.0, 6.7
-12.76, 0.0, 6.58
-12.77, -0.12, 6.58
-12.64, 0.23, 7.0
-12.6, 0.08, 7.0
-12.62, 0.0, 6.85
-12.69, -0.15, 6.7
-15.39, -1.64, 5.51
-17.83, -3.16, 4.58
-20.28, -4.67, 3.64
-20.23, -4.79, 3.72
-17.79, -3.28, 4.66
-15.34, -1.77, 5.59
-29.54, 10.12, 13.3
-29.43, 10.15, 13.41
-29.46, 10.23, 13.27
-29.32, 10.25, 13.38
-29.34, 10.31, 13.27
-29.2, 10.33, 13.34
-29.21, 10.36, 13.27
-29.06, 10.38, 13.27
-29.21, 10.4, 13.12
-29.06, 10.41, 13.12
-29.06, 10.41, 12.97
-29.21, 10.4, 12.96
-29.06, 10.38, 12.82
-29.21, 10.36, 12.81
-29.2, 10.33, 12.75
-29.34, 10.31, 12.81
-29.32, 10.25, 12.7
-29.46, 10.23, 12.81
-29.43, 10.15, 12.67
-29.54, 10.12, 12.78
-29.55, 10.12, 12.81
-29.61, 10.07, 12.91
-29.58, 10.14, 12.96
-29.66, 10.01, 13.04
-29.58, 10.14, 13.12
-29.61, 10.07, 13.18
-29.55, 10.12, 13.27
-29.48, 10.26, 12.96
-29.36, 10.34, 12.96
-29.48, 10.26, 13.12
-29.36, 10.34, 13.12
-22.89, 6.6, 2.97
-22.94, 6.57, 2.9
-23.02, 6.64, 3.03
-23.09, 6.57, 2.9
-23.15, 6.6, 2.97
-23.28, 6.52, 2.92
-23.25, 6.45, 2.82
-23.39, 6.41, 2.89
-23.36, 6.3, 2.79
-23.25, 6.32, 2.74
-23.31, 6.18, 2.71
-23.24, 6.18, 2.68
-23.25, 6.05, 2.67
-23.1, 6.05, 2.63
-23.09, 6.2, 2.65
-22.94, 6.2, 2.65
-23.1, 6.34, 2.7
-22.94, 6.34, 2.7
-23.1, 6.47, 2.79
-22.94, 6.47, 2.79
-22.76, 6.52, 2.92
-22.79, 6.45, 2.82
-22.78, 6.32, 2.74
-22.79, 6.18, 2.68
-22.94, 6.05, 2.63
-22.65, 6.41, 2.89
-22.68, 6.3, 2.79
-22.73, 6.18, 2.71
-22.79, 6.05, 2.67
-15.34, 1.77, 5.59
-17.79, 3.28, 4.66
-20.23, 4.79, 3.72
-20.28, 4.67, 3.64
-17.83, 3.16, 4.58
-15.39, 1.64, 5.51
-23.1, 3.02, 2.63
-23.1, 0.0, 2.63
-23.1, -3.02, 2.63
-22.94, -3.02, 2.63
-22.94, 0.0, 2.63
-22.94, 3.02, 2.63
-30.65, 1.64, 5.51
-28.2, 3.16, 4.58
-25.76, 4.67, 3.64
-25.8, 4.79, 3.72
-28.25, 3.28, 4.66
-30.69, 1.77, 5.59
-27.81, 9.32, 10.26
-26.3, 8.39, 7.81
-24.79, 7.45, 5.37
-24.66, 7.53, 5.41
-26.17, 8.46, 7.86
-27.68, 9.4, 10.3
-12.9, 0.26, 19.56
-12.82, 0.24, 19.51
-12.87, 0.37, 19.46
-12.75, 0.28, 19.38
-12.76, 0.34, 19.35
-12.69, 0.29, 19.22
-12.64, 0.16, 19.24
-12.64, 0.23, 19.09
-12.6, 0.08, 19.09
-12.62, 0.0, 19.24
-12.6, -0.08, 19.09
-12.64, -0.16, 19.24
-12.64, -0.23, 19.09
-12.69, -0.29, 19.22
-12.75, -0.28, 19.38
-12.76, -0.34, 19.35
-12.87, -0.37, 19.46
-12.82, -0.24, 19.51
-12.9, -0.26, 19.56
-12.89, -0.09, 19.61
-12.94, -0.13, 19.64
-13.01, 0.0, 19.68
-12.87, 0.0, 19.61
-12.89, 0.09, 19.61
-12.76, 0.0, 19.51
-12.77, 0.12, 19.51
-12.67, 0.0, 19.38
-12.69, 0.15, 19.38
-12.94, 0.13, 19.64
-12.69, -0.15, 19.38
-12.77, -0.12, 19.51
-15.34, -1.77, 20.5
-17.79, -3.28, 21.43
-20.23, -4.79, 22.36
-20.28, -4.67, 22.44
-17.83, -3.16, 21.51
-15.39, -1.64, 20.57
-13.62, -2.74, 17.71
-14.55, -5.18, 16.2
-15.49, -7.63, 14.69
-15.57, -7.68, 14.81
-14.63, -5.23, 16.32
-13.7, -2.79, 17.83
-12.6, 0.08, 16.07
-12.6, 0.08, 13.04
-12.6, 0.08, 10.02
-12.6, -0.08, 10.02
-12.6, -0.08, 13.04
-12.6, -0.08, 16.07
-23.31, 6.18, 23.37
-23.25, 6.05, 23.42
-23.24, 6.18, 23.41
-23.1, 6.05, 23.46
-23.09, 6.2, 23.44
-22.94, 6.05, 23.46
-22.94, 6.2, 23.44
-22.79, 6.18, 23.41
-22.78, 6.32, 23.35
-22.73, 6.18, 23.37
-22.68, 6.3, 23.3
-22.79, 6.05, 23.42
-22.79, 6.45, 23.26
-22.65, 6.41, 23.19
-22.76, 6.52, 23.16
-22.94, 6.57, 23.18
-22.89, 6.6, 23.12
-23.02, 6.64, 23.05
-23.09, 6.57, 23.18
-23.15, 6.6, 23.12
-23.28, 6.52, 23.16
-23.25, 6.45, 23.26
-23.39, 6.41, 23.19
-23.36, 6.3, 23.3
-23.25, 6.32, 23.35
-23.1, 6.34, 23.38
-22.94, 6.34, 23.38
-23.1, 6.47, 23.3
-22.94, 6.47, 23.3
-15.39, 1.64, 20.57
-17.83, 3.16, 21.51
-20.28, 4.67, 22.44
-20.23, 4.79, 22.36
-17.79, 3.28, 21.43
-15.34, 1.77, 20.5
-16.84, 10.33, 13.34
-16.83, 10.36, 13.27
-16.97, 10.38, 13.27
-16.82, 10.4, 13.12
-16.97, 10.41, 13.12
-16.82, 10.4, 12.96
-16.97, 10.41, 12.97
-16.97, 10.38, 12.82
-16.83, 10.36, 12.81
-16.84, 10.33, 12.75
-16.7, 10.31, 12.81
-16.71, 10.25, 12.7
-16.58, 10.23, 12.81
-16.6, 10.15, 12.67
-16.5, 10.12, 12.78
-16.48, 10.12, 12.81
-16.42, 10.07, 12.91
-16.45, 10.14, 12.96
-16.38, 10.01, 13.04
-16.45, 10.14, 13.12
-16.42, 10.07, 13.18
-16.48, 10.12, 13.27
-16.5, 10.12, 13.3
-16.58, 10.23, 13.27
-16.6, 10.15, 13.41
-16.71, 10.25, 13.38
-16.7, 10.31, 13.27
-16.68, 10.34, 13.12
-16.55, 10.26, 13.12
-16.68, 10.34, 12.96
-16.55, 10.26, 12.96
-13.7, 2.79, 17.83
-14.63, 5.23, 16.32
-15.57, 7.68, 14.81
-15.49, 7.63, 14.69
-14.55, 5.18, 16.2
-13.62, 2.74, 17.71
-13.62, 2.74, 8.38
-14.55, 5.18, 9.89
-15.49, 7.63, 11.4
-15.57, 7.68, 11.27
-14.63, 5.23, 9.76
-13.7, 2.79, 8.25
-21.25, 7.45, 5.37
-19.74, 8.39, 7.81
-18.23, 9.32, 10.26
-18.35, 9.4, 10.3
-19.86, 8.46, 7.86
-21.37, 7.53, 5.41
-26.04, 10.41, 12.97
-23.02, 10.41, 12.97
-20.0, 10.41, 12.97
-20.0, 10.41, 13.12
-23.02, 10.41, 13.12
-26.04, 10.41, 13.12
-21.37, 7.53, 20.67
-19.86, 8.46, 18.23
-18.35, 9.4, 15.78
-18.23, 9.32, 15.83
-19.74, 8.39, 18.27
-21.25, 7.45, 20.72
-27.68, 9.4, 15.78
-26.17, 8.46, 18.23
-24.66, 7.53, 20.67
-24.79, 7.45, 20.72
-26.3, 8.39, 18.27
-27.81, 9.32, 15.83
-30.69, 1.77, 20.5
-28.25, 3.28, 21.43
-25.8, 4.79, 22.36
-25.76, 4.67, 22.44
-28.2, 3.16, 21.51
-30.65, 1.64, 20.57
-22.94, 3.02, 23.46
-22.94, 0.0, 23.46
-22.94, -3.02, 23.46
-23.1, -3.02, 23.46
-23.1, 0.0, 23.46
-23.1, 3.02, 23.46
-32.34, 2.79, 8.25
-31.4, 4.76, 9.94
-30.47, 7.68, 11.27
-30.55, 7.63, 11.4
-31.48, 5.18, 9.89
-32.42, 2.74, 8.38
-32.42, 2.74, 17.71
-31.48, 5.18, 16.2
-30.55, 7.63, 14.69
-30.47, 7.68, 14.81
-31.4, 5.23, 16.32
-32.34, 2.79, 17.83
-13.7, -2.79, 8.25
-14.63, -5.23, 9.76
-15.57, -7.68, 11.27
-15.49, -7.63, 11.4
-14.55, -5.18, 9.89
-13.62, -2.74, 8.38
-27.81, -9.32, 15.83
-26.3, -8.39, 18.27
-24.79, -7.45, 20.72
-24.66, -7.53, 20.67
-26.17, -8.46, 18.23
-27.68, -9.4, 15.78
-21.25, -7.45, 20.72
-19.74, -8.39, 18.27
-18.23, -9.32, 15.83
-18.35, -9.4, 15.78
-19.86, -8.46, 18.23
-21.37, -7.53, 20.67
-26.04, -10.41, 13.12
-23.02, -10.41, 13.12
-20.0, -10.41, 13.12
-20.0, -10.41, 12.97
-23.02, -10.41, 12.97
-26.04, -10.41, 12.97
-21.37, -7.53, 5.41
-19.86, -8.46, 7.86
-18.35, -9.4, 10.3
-18.23, -9.32, 10.26
-19.74, -8.39, 7.81
-21.25, -7.45, 5.37
-27.68, -9.4, 10.3
-26.17, -8.46, 7.86
-24.66, -7.53, 5.41
-24.79, -7.45, 5.37
-26.3, -8.39, 7.81
-27.81, -9.32, 10.26
-24.99, 4.51, 3.33
-23.61, 3.66, 2.81
-23.61, -3.66, 2.81
-24.99, -4.51, 3.33
-30.92, -0.85, 5.6
-30.92, 0.85, 5.6
-32.41, -2.02, 7.52
-31.56, -1.49, 6.14
-25.04, -5.52, 3.65
-24.51, -6.9, 4.5
-28.54, -9.39, 11.03
-29.92, -8.54, 11.55
-33.25, -0.6, 16.71
-32.73, -1.97, 17.56
-30.47, -7.9, 13.89
-30.47, -7.9, 12.19
-32.73, -1.97, 8.53
-33.25, -0.6, 9.38
-30.47, 7.9, 13.89
-30.47, 7.9, 12.19
-32.73, 1.97, 8.53
-33.25, 0.6, 9.38
-33.25, 0.6, 16.71
-32.73, 1.97, 17.56
-31.28, -1.81, 19.89
-32.13, -2.34, 18.52
-29.87, -8.27, 14.86
-28.49, -9.12, 15.38
-24.83, -6.85, 21.31
-25.36, -5.48, 22.16
-24.7, 5.05, 22.86
-23.32, 4.2, 23.39
-23.32, -3.86, 23.39
-24.7, -4.71, 22.86
-31.22, -0.68, 20.37
-31.22, 1.02, 20.37
-15.12, 0.85, 5.6
-15.12, -0.85, 5.6
-21.05, -4.51, 3.33
-22.42, -3.66, 2.81
-22.42, 3.66, 2.81
-21.05, 4.51, 3.33
-21.2, -6.85, 4.78
-17.54, -9.12, 10.7
-16.17, -8.27, 11.23
-13.9, -2.34, 7.57
-14.75, -1.81, 6.19
-20.68, -5.48, 3.93
-13.9, 2.34, 7.57
-16.17, 8.27, 11.23
-17.54, 9.12, 10.7
-21.2, 6.85, 4.78
-20.68, 5.48, 3.93
-14.75, 1.81, 6.19
-31.28, 1.81, 6.19
-32.13, 2.34, 7.57
-29.87, 8.27, 11.23
-28.49, 9.12, 10.7
-24.83, 6.85, 4.78
-25.36, 5.48, 3.93
-27.9, 9.79, 11.27
-23.87, 7.3, 4.75
-22.17, 7.3, 4.75
-18.14, 9.79, 11.27
-18.99, 10.31, 12.65
-27.05, 10.31, 12.65
-20.68, -5.48, 22.16
-21.2, -6.85, 21.31
-17.54, -9.12, 15.38
-16.17, -8.27, 14.86
-13.9, -2.34, 18.52
-14.75, -1.81, 19.89
-22.42, 3.66, 23.28
-21.05, 4.51, 22.75
-15.12, 0.85, 20.49
-15.12, -0.85, 20.49
-21.05, -4.51, 22.75
-22.42, -3.66, 23.28
-15.57, -7.9, 13.89
-13.31, -1.97, 17.56
-12.78, -0.6, 16.71
-12.78, -0.6, 9.38
-13.31, -1.97, 8.53
-15.57, -7.9, 12.19
-13.23, 1.77, 17.92
-12.71, 0.4, 17.07
-12.71, 0.4, 9.01
-13.23, 1.77, 8.16
-15.72, 8.29, 12.19
-15.72, 8.29, 13.89
-14.75, 1.81, 19.89
-20.68, 5.48, 22.16
-21.2, 6.85, 21.31
-17.54, 9.12, 15.38
-16.17, 8.27, 14.86
-13.9, 2.34, 18.52
-23.87, 7.45, 20.94
-22.17, 7.45, 20.94
-18.51, 9.71, 15.01
-19.36, 10.24, 13.64
-26.68, 10.24, 13.64
-27.53, 9.71, 15.01
-32.13, 2.34, 18.52
-31.28, 1.81, 19.89
-25.36, 5.48, 22.16
-24.83, 6.85, 21.31
-28.49, 9.12, 15.38
-29.87, 8.27, 14.86
-27.53, -9.71, 15.01
-23.87, -7.45, 20.94
-22.17, -7.45, 20.94
-18.51, -9.71, 15.01
-19.36, -10.24, 13.64
-26.68, -10.24, 13.64
-26.68, -10.24, 12.45
-27.53, -9.71, 11.07
-23.87, -7.45, 5.15
-22.17, -7.45, 5.15
-18.51, -9.71, 11.07
-19.36, -10.24, 12.45
-18.48, 1.07, 4.31
-18.6, 1.09, 4.27
-18.73, 1.07, 4.98
-18.85, 1.09, 4.93
-18.75, 1.1, 4.21
-19.0, 1.1, 4.87
-18.89, 1.09, 4.15
-19.15, 1.09, 4.82
-19.03, 1.07, 4.1
-19.29, 1.07, 4.77
-19.16, 1.02, 4.05
-19.41, 1.02, 4.72
-19.0, 0.35, 4.11
-19.26, 0.35, 4.78
-18.9, 0.37, 4.15
-19.15, 0.37, 4.82
-18.8, 0.39, 4.19
-19.06, 0.39, 4.85
-18.72, 0.39, 4.22
-18.97, 0.39, 4.89
-18.64, 0.39, 4.25
-18.9, 0.39, 4.91
-18.5, 0.36, 4.3
-18.75, 0.36, 4.97
-18.35, 0.28, 4.36
-18.6, 0.28, 5.03
-18.27, 0.23, 4.39
-18.53, 0.23, 5.06
-18.22, 0.18, 4.41
-18.47, 0.18, 5.08
-18.17, 0.13, 4.43
-18.42, 0.13, 5.1
-18.14, 0.07, 4.44
-18.39, 0.07, 5.11
-18.12, 0.01, 4.45
-18.37, 0.01, 5.12
-18.12, -0.05, 4.45
-18.37, -0.05, 5.12
-18.13, -0.11, 4.45
-18.38, -0.11, 5.11
-18.15, -0.17, 4.44
-18.41, -0.17, 5.1
-18.19, -0.24, 4.42
-18.45, -0.24, 5.09
-18.23, -0.31, 4.41
-18.49, -0.31, 5.07
-18.28, -0.36, 4.39
-18.54, -0.36, 5.05
-18.33, -0.39, 4.37
-18.59, -0.39, 5.03
-18.36, -0.4, 4.36
-18.61, -0.4, 5.02
-18.39, -0.41, 4.35
-18.64, -0.41, 5.01
-18.44, -0.41, 4.33
-18.7, -0.41, 4.99
-18.51, -0.4, 4.3
-18.76, -0.4, 4.97
-18.58, -0.37, 4.27
-18.83, -0.37, 4.94
-18.66, -0.33, 4.25
-18.91, -0.33, 4.91
-18.72, -0.29, 4.22
-18.97, -0.29, 4.89
-18.76, -0.25, 4.2
-19.02, -0.25, 4.87
-18.85, -0.16, 4.17
-19.1, -0.16, 4.84
-18.88, -0.12, 4.16
-19.14, -0.12, 4.82
-18.91, -0.09, 4.15
-19.16, -0.09, 4.81
-19.31, 0.16, 3.99
-19.57, 0.16, 4.66
-20.13, -1.35, 3.68
-20.38, -1.35, 4.35
-18.52, -2.34, 4.3
-18.78, -2.34, 4.96
-18.21, -1.76, 4.42
-18.46, -1.76, 5.08
-19.11, -1.2, 4.07
-19.36, -1.2, 4.74
-18.9, -0.82, 4.15
-19.16, -0.82, 4.82
-18.76, -0.96, 4.2
-19.02, -0.96, 4.87
-18.6, -1.08, 4.27
-18.85, -1.08, 4.93
-18.5, -1.13, 4.31
-18.75, -1.13, 4.97
-18.4, -1.17, 4.34
-18.65, -1.17, 5.01
-18.29, -1.19, 4.38
-18.55, -1.19, 5.05
-18.19, -1.21, 4.42
-18.44, -1.21, 5.09
-18.08, -1.2, 4.46
-18.34, -1.2, 5.13
-17.98, -1.19, 4.5
-18.23, -1.19, 5.17
-17.88, -1.15, 4.54
-18.13, -1.15, 5.21
-17.78, -1.11, 4.58
-18.04, -1.11, 5.24
-17.69, -1.04, 4.61
-17.95, -1.04, 5.28
-17.61, -0.97, 4.64
-17.86, -0.97, 5.31
-17.54, -0.87, 4.67
-17.79, -0.87, 5.34
-17.47, -0.77, 4.7
-17.72, -0.77, 5.36
-17.37, -0.58, 4.74
-17.62, -0.58, 5.4
-17.32, -0.47, 4.76
-17.57, -0.47, 5.42
-17.29, -0.35, 4.77
-17.54, -0.35, 5.43
-17.27, -0.23, 4.77
-17.53, -0.23, 5.44
-17.27, -0.11, 4.77
-17.53, -0.11, 5.44
-17.29, 0.02, 4.76
-17.55, 0.02, 5.43
-17.33, 0.15, 4.75
-17.59, 0.15, 5.42
-17.39, 0.28, 4.73
-17.65, 0.28, 5.39
-17.47, 0.4, 4.7
-17.73, 0.4, 5.36
-17.53, 0.48, 4.67
-17.79, 0.48, 5.34
-19.73, 1.09, 3.84
-19.35, 0.86, 3.98
-19.98, 1.09, 4.5
-19.61, 0.86, 4.64
-19.05, 1.42, 4.09
-19.3, 1.42, 4.76
-20.6, 2.38, 3.5
-20.86, 2.38, 4.17
-20.91, 1.82, 3.38
-21.16, 1.82, 4.05
-20.47, 1.55, 3.55
-20.73, 1.55, 4.22
-21.13, 0.34, 3.3
-21.38, 0.34, 3.97
-21.38, 0.68, 3.21
-21.63, 0.68, 3.87
-21.89, 0.35, 3.01
-22.14, 0.35, 3.68
-21.37, -0.58, 3.21
-21.63, -0.58, 3.87
-20.81, -0.92, 3.42
-21.07, -0.92, 4.09
-15.37, 0.85, 6.26
-15.37, -0.85, 6.26
-21.3, -4.51, 4.0
-22.68, -3.66, 3.47
-22.68, 3.66, 3.47
-21.3, 4.51, 4.0
-27.15, 1.32, 4.16
-26.94, 0.95, 4.08
-26.89, 1.32, 4.82
-26.69, 0.95, 4.74
-28.07, 0.25, 4.51
-27.81, 0.25, 5.17
-27.83, -0.19, 4.42
-27.58, -0.19, 5.08
-26.19, -1.52, 3.79
-25.93, -1.52, 4.45
-25.45, -1.07, 3.51
-25.2, -1.07, 4.17
-26.95, 0.14, 4.08
-26.7, 0.14, 4.75
-26.59, 0.36, 3.94
-26.33, 0.36, 4.61
-26.15, -0.1, 3.78
-25.9, -0.1, 4.44
-25.57, 0.26, 3.55
-25.31, 0.26, 4.22
-25.86, 0.81, 3.67
-25.61, 0.81, 4.33
-25.6, 0.97, 3.57
-25.35, 0.97, 4.23
-25.93, 1.57, 3.69
-25.67, 1.57, 4.36
-26.19, 1.41, 3.79
-25.94, 1.41, 4.46
-26.39, 1.79, 3.87
-26.14, 1.79, 4.53
-24.73, 4.51, 4.0
-23.36, 3.66, 3.47
-23.36, -3.66, 3.47
-24.73, -4.51, 4.0
-30.66, -0.85, 6.26
-30.66, 0.85, 6.26
-28.71, -6.28, 8.09
-28.86, -5.91, 7.86
-28.3, -5.87, 8.5
-28.44, -5.5, 8.27
-29.35, -5.84, 8.28
-28.94, -5.42, 8.69
-28.75, -7.39, 9.24
-28.34, -6.98, 9.65
-28.26, -7.46, 8.82
-27.85, -7.05, 9.23
-28.43, -7.03, 8.55
-28.02, -6.62, 8.96
-27.37, -7.18, 7.64
-26.96, -6.77, 8.06
-27.37, -7.49, 7.95
-26.96, -7.08, 8.36
-26.85, -7.8, 7.74
-26.44, -7.39, 8.15
-26.74, -7.1, 6.93
-26.33, -6.69, 7.35
-26.95, -6.54, 6.59
-26.54, -6.13, 7.0
-28.74, -3.96, 5.79
-28.77, -4.0, 5.86
-28.33, -3.55, 6.2
-28.36, -3.59, 6.27
-28.78, -4.06, 5.94
-28.37, -3.65, 6.35
-28.79, -4.13, 6.01
-28.38, -3.72, 6.42
-28.79, -4.22, 6.1
-28.37, -3.81, 6.51
-28.88, -4.1, 6.07
-28.46, -3.69, 6.48
-28.96, -4.0, 6.06
-28.55, -3.59, 6.47
-29.05, -3.92, 6.06
-28.64, -3.51, 6.47
-29.13, -3.85, 6.07
-28.72, -3.44, 6.48
-29.21, -3.79, 6.1
-28.8, -3.38, 6.51
-29.3, -3.75, 6.14
-28.89, -3.34, 6.56
-29.4, -3.71, 6.21
-28.99, -3.3, 6.62
-29.5, -3.69, 6.29
-29.09, -3.28, 6.7
-29.64, -3.67, 6.41
-29.23, -3.26, 6.82
-29.73, -3.67, 6.49
-29.32, -3.26, 6.9
-29.8, -3.68, 6.58
-29.39, -3.27, 6.99
-29.86, -3.71, 6.67
-29.45, -3.3, 7.08
-29.91, -3.76, 6.77
-29.5, -3.35, 7.18
-29.95, -3.83, 6.88
-29.54, -3.42, 7.29
-29.98, -3.91, 6.98
-29.57, -3.5, 7.39
-29.99, -4.0, 7.09
-29.58, -3.59, 7.5
-29.99, -4.11, 7.2
-29.58, -3.7, 7.61
-29.98, -4.23, 7.3
-29.57, -3.82, 7.71
-29.95, -4.36, 7.4
-29.54, -3.95, 7.82
-29.92, -4.49, 7.5
-29.5, -4.08, 7.91
-29.87, -4.63, 7.59
-29.46, -4.22, 8.01
-29.81, -4.77, 7.68
-29.4, -4.36, 8.09
-29.74, -4.91, 7.75
-29.33, -4.5, 8.16
-29.67, -5.04, 7.8
-29.26, -4.63, 8.21
-29.59, -5.16, 7.85
-29.18, -4.75, 8.26
-29.51, -5.28, 7.88
-29.09, -4.87, 8.29
-29.42, -5.38, 7.89
-29.01, -4.97, 8.3
-29.33, -5.47, 7.89
-28.92, -5.06, 8.31
-29.23, -5.55, 7.88
-28.82, -5.14, 8.29
-29.14, -5.62, 7.86
-28.73, -5.21, 8.27
-29.05, -5.67, 7.81
-28.64, -5.26, 8.23
-28.96, -5.71, 7.76
-28.54, -5.3, 8.17
-28.86, -5.73, 7.69
-28.45, -5.32, 8.1
-28.73, -5.75, 7.57
-28.32, -5.34, 7.98
-28.66, -5.75, 7.51
-28.25, -5.34, 7.92
-28.6, -5.74, 7.44
-28.19, -5.33, 7.85
-28.55, -5.72, 7.37
-28.14, -5.31, 7.78
-28.51, -5.69, 7.29
-28.1, -5.28, 7.7
-28.48, -5.64, 7.21
-28.07, -5.23, 7.62
-28.46, -5.58, 7.13
-28.05, -5.17, 7.54
-28.44, -5.5, 7.04
-28.32, -5.38, 7.17
-28.44, -5.42, 6.95
-28.32, -5.3, 7.08
-28.08, -5.22, 7.25
-27.95, -5.09, 7.37
-28.29, -5.58, 6.96
-27.88, -5.17, 7.37
-28.22, -5.64, 6.95
-27.81, -5.23, 7.36
-28.15, -5.69, 6.93
-27.73, -5.28, 7.34
-28.07, -5.73, 6.9
-27.66, -5.32, 7.31
-28.0, -5.77, 6.86
-27.59, -5.36, 7.27
-27.92, -5.79, 6.81
-27.51, -5.38, 7.22
-27.84, -5.81, 6.74
-27.43, -5.4, 7.15
-27.72, -5.83, 6.64
-27.31, -5.41, 7.06
-27.64, -5.83, 6.57
-27.23, -5.42, 6.98
-27.57, -5.82, 6.48
-27.16, -5.41, 6.89
-27.51, -5.79, 6.39
-27.1, -5.38, 6.8
-27.46, -5.75, 6.3
-27.05, -5.33, 6.71
-27.42, -5.69, 6.2
-27.01, -5.28, 6.61
-27.4, -5.61, 6.11
-26.99, -5.2, 6.52
-27.39, -5.53, 6.01
-26.97, -5.12, 6.42
-27.39, -5.43, 5.91
-26.97, -5.02, 6.32
-27.4, -5.32, 5.81
-26.99, -4.91, 6.23
-27.42, -5.21, 5.72
-27.01, -4.8, 6.13
-27.45, -5.09, 5.63
-27.04, -4.68, 6.05
-27.5, -4.96, 5.55
-27.09, -4.55, 5.96
-27.55, -4.83, 5.48
-27.14, -4.42, 5.89
-27.61, -4.71, 5.41
-27.2, -4.29, 5.82
-27.68, -4.58, 5.36
-27.27, -4.17, 5.77
-27.76, -4.47, 5.32
-27.34, -4.06, 5.73
-27.84, -4.36, 5.29
-27.42, -3.95, 5.7
-27.92, -4.26, 5.27
-27.51, -3.85, 5.68
-28.0, -4.17, 5.27
-27.59, -3.76, 5.68
-28.09, -4.09, 5.27
-27.68, -3.68, 5.69
-28.18, -4.03, 5.3
-27.77, -3.61, 5.71
-28.26, -3.98, 5.33
-27.85, -3.56, 5.74
-28.34, -3.94, 5.38
-27.93, -3.53, 5.79
-28.42, -3.92, 5.44
-28.01, -3.51, 5.85
-28.53, -3.91, 5.53
-28.12, -3.49, 5.94
-28.6, -3.9, 5.6
-28.19, -3.49, 6.01
-28.66, -3.91, 5.66
-28.25, -3.5, 6.07
-28.71, -3.93, 5.73
-28.29, -3.52, 6.14
-32.0, -1.61, 7.93
-31.15, -1.08, 6.56
-24.62, -5.11, 4.06
-24.1, -6.49, 4.91
-28.13, -8.98, 11.44
-29.51, -8.13, 11.96
-28.08, -5.08, 6.26
-28.11, -5.07, 6.28
-27.67, -4.67, 6.67
-27.7, -4.66, 6.69
-28.14, -5.06, 6.29
-27.73, -4.65, 6.7
-28.17, -5.04, 6.3
-27.75, -4.63, 6.72
-28.19, -5.02, 6.31
-27.78, -4.61, 6.72
-28.22, -4.99, 6.31
-27.81, -4.58, 6.72
-28.25, -4.95, 6.3
-27.84, -4.54, 6.71
-28.29, -4.9, 6.29
-27.88, -4.49, 6.7
-28.34, -4.84, 6.27
-27.92, -4.43, 6.69
-28.42, -4.72, 6.24
-28.01, -4.31, 6.65
-28.4, -4.67, 6.17
-27.99, -4.26, 6.58
-28.39, -4.66, 6.14
-27.98, -4.24, 6.55
-28.37, -4.64, 6.11
-27.96, -4.23, 6.52
-28.36, -4.64, 6.09
-27.94, -4.22, 6.5
-28.33, -4.63, 6.06
-27.92, -4.22, 6.47
-28.28, -4.63, 6.01
-27.87, -4.22, 6.42
-28.2, -4.65, 5.94
-27.79, -4.23, 6.35
-28.16, -4.66, 5.91
-27.75, -4.24, 6.32
-28.13, -4.67, 5.89
-27.72, -4.26, 6.3
-28.09, -4.69, 5.88
-27.68, -4.28, 6.29
-28.06, -4.72, 5.88
-27.65, -4.31, 6.29
-28.03, -4.75, 5.88
-27.62, -4.34, 6.29
-28.01, -4.79, 5.89
-27.59, -4.38, 6.31
-27.96, -4.9, 5.95
-27.55, -4.48, 6.36
-27.93, -4.99, 6.01
-27.52, -4.58, 6.43
-27.93, -5.03, 6.05
-27.52, -4.61, 6.46
-27.93, -5.05, 6.08
-27.52, -4.64, 6.49
-27.94, -5.06, 6.09
-27.52, -4.65, 6.5
-27.94, -5.07, 6.11
-27.53, -4.66, 6.52
-27.95, -5.08, 6.12
-27.54, -4.67, 6.53
-27.96, -5.08, 6.14
-27.55, -4.67, 6.55
-27.99, -5.09, 6.17
-27.57, -4.68, 6.58
-28.02, -5.09, 6.2
-27.61, -4.68, 6.61
-29.26, -4.43, 6.79
-29.23, -4.44, 6.76
-28.85, -4.02, 7.2
-28.81, -4.03, 7.17
-29.19, -4.46, 6.74
-28.78, -4.04, 7.15
-29.16, -4.48, 6.73
-28.75, -4.06, 7.14
-29.13, -4.5, 6.73
-28.72, -4.09, 7.14
-29.1, -4.54, 6.73
-28.69, -4.13, 7.14
-29.06, -4.59, 6.74
-28.65, -4.18, 7.15
-29.01, -4.65, 6.75
-28.6, -4.24, 7.16
-28.95, -4.73, 6.77
-28.54, -4.32, 7.18
-28.81, -4.92, 6.83
-28.4, -4.51, 7.24
-28.84, -4.97, 6.9
-28.43, -4.56, 7.32
-28.85, -4.99, 6.94
-28.44, -4.58, 7.35
-28.87, -5.0, 6.97
-28.46, -4.59, 7.38
-28.89, -5.01, 7.0
-28.48, -4.6, 7.41
-28.92, -5.02, 7.03
-28.51, -4.6, 7.44
-28.99, -5.01, 7.1
-28.58, -4.6, 7.51
-29.07, -5.0, 7.16
-28.66, -4.59, 7.57
-29.12, -4.99, 7.21
-28.71, -4.58, 7.62
-29.18, -4.97, 7.24
-28.76, -4.56, 7.65
-29.22, -4.94, 7.26
-28.81, -4.53, 7.67
-29.27, -4.91, 7.27
-28.86, -4.49, 7.68
-29.31, -4.86, 7.26
-28.89, -4.45, 7.67
-29.34, -4.81, 7.25
-28.93, -4.4, 7.66
-29.38, -4.75, 7.22
-28.96, -4.34, 7.63
-29.41, -4.68, 7.18
-29.0, -4.27, 7.59
-29.43, -4.61, 7.13
-29.02, -4.2, 7.55
-29.44, -4.56, 7.09
-29.03, -4.14, 7.5
-29.44, -4.51, 7.05
-29.03, -4.1, 7.46
-29.44, -4.47, 7.01
-29.03, -4.06, 7.42
-29.42, -4.45, 6.96
-29.01, -4.04, 7.37
-29.4, -4.43, 6.92
-28.99, -4.02, 7.33
-29.37, -4.42, 6.88
-28.95, -4.01, 7.29
-29.32, -4.42, 6.84
-28.91, -4.01, 7.25
-24.09, -9.0, 9.21
-24.03, -9.02, 9.27
-24.09, -8.52, 9.4
-24.03, -8.54, 9.45
-23.95, -9.04, 9.32
-23.95, -8.56, 9.5
-23.85, -9.06, 9.36
-23.85, -8.58, 9.54
-23.74, -9.07, 9.4
-23.74, -8.6, 9.58
-23.88, -9.1, 9.46
-23.88, -8.62, 9.64
-23.99, -9.12, 9.53
-23.99, -8.64, 9.71
-24.08, -9.15, 9.59
-24.08, -8.67, 9.78
-24.16, -9.17, 9.67
-24.16, -8.7, 9.85
-24.22, -9.21, 9.75
-24.22, -8.73, 9.93
-24.26, -9.24, 9.84
-24.26, -8.76, 10.02
-24.28, -9.28, 9.95
-24.28, -8.81, 10.14
-24.29, -9.33, 10.08
-24.29, -8.85, 10.26
-24.29, -9.4, 10.25
-24.29, -8.92, 10.43
-24.28, -9.44, 10.36
-24.28, -8.96, 10.54
-24.25, -9.48, 10.46
-24.25, -9.0, 10.65
-24.19, -9.52, 10.56
-24.19, -9.04, 10.74
-24.12, -9.55, 10.65
-24.12, -9.07, 10.83
-24.02, -9.58, 10.74
-24.02, -9.11, 10.92
-23.92, -9.61, 10.81
-23.92, -9.13, 10.99
-23.79, -9.64, 10.87
-23.79, -9.16, 11.06
-23.65, -9.66, 10.93
-23.65, -9.18, 11.11
-23.5, -9.67, 10.97
-23.5, -9.19, 11.15
-23.34, -9.68, 11.0
-23.34, -9.21, 11.18
-23.17, -9.69, 11.02
-23.17, -9.21, 11.2
-22.99, -9.69, 11.02
-22.99, -9.22, 11.21
-22.82, -9.69, 11.02
-22.82, -9.21, 11.2
-22.65, -9.68, 11.0
-22.65, -9.21, 11.18
-22.5, -9.67, 10.97
-22.5, -9.19, 11.15
-22.35, -9.66, 10.93
-22.35, -9.18, 11.11
-22.22, -9.64, 10.87
-22.22, -9.16, 11.06
-22.1, -9.61, 10.81
-22.1, -9.13, 10.99
-21.99, -9.58, 10.74
-21.99, -9.11, 10.92
-21.91, -9.55, 10.66
-21.91, -9.08, 10.84
-21.84, -9.52, 10.57
-21.84, -9.04, 10.75
-21.79, -9.48, 10.47
-21.79, -9.0, 10.65
-21.76, -9.44, 10.37
-21.76, -8.97, 10.55
-21.75, -9.4, 10.26
-21.75, -8.92, 10.44
-21.75, -9.34, 10.09
-21.75, -8.86, 10.27
-21.75, -9.3, 10.01
-21.75, -8.83, 10.19
-21.78, -9.27, 9.93
-21.78, -8.8, 10.11
-21.82, -9.24, 9.85
-21.82, -8.77, 10.03
-21.87, -9.22, 9.78
-21.87, -8.74, 9.96
-21.94, -9.19, 9.71
-21.94, -8.71, 9.89
-22.02, -9.17, 9.65
-22.02, -8.69, 9.83
-22.12, -9.15, 9.6
-22.12, -8.67, 9.78
-22.23, -9.13, 9.55
-22.23, -8.65, 9.73
-22.14, -9.11, 9.49
-22.14, -8.63, 9.68
-22.05, -9.09, 9.43
-22.05, -8.61, 9.62
-21.99, -9.06, 9.37
-21.99, -8.58, 9.55
-21.93, -9.03, 9.3
-21.93, -8.56, 9.48
-21.89, -9.01, 9.23
-21.89, -8.53, 9.41
-21.86, -8.98, 9.14
-21.86, -8.5, 9.33
-21.84, -8.94, 9.05
-21.84, -8.46, 9.24
-21.84, -8.9, 8.96
-21.84, -8.43, 9.14
-21.84, -8.85, 8.82
-21.84, -8.37, 9.0
-21.85, -8.81, 8.71
-21.85, -8.33, 8.89
-21.88, -8.77, 8.61
-21.88, -8.29, 8.79
-21.93, -8.73, 8.52
-21.93, -8.26, 8.7
-21.99, -8.7, 8.43
-21.99, -8.22, 8.61
-22.08, -8.67, 8.35
-22.08, -8.19, 8.53
-22.18, -8.65, 8.28
-22.18, -8.17, 8.47
-22.29, -8.62, 8.22
-22.29, -8.15, 8.41
-22.42, -8.6, 8.18
-22.42, -8.13, 8.36
-22.56, -8.59, 8.14
-22.56, -8.11, 8.32
-22.7, -8.58, 8.11
-22.7, -8.1, 8.29
-22.86, -8.57, 8.09
-22.86, -8.1, 8.27
-23.02, -8.57, 8.09
-23.02, -8.09, 8.27
-23.17, -8.57, 8.09
-23.17, -8.1, 8.27
-23.33, -8.58, 8.11
-23.33, -8.1, 8.29
-23.47, -8.59, 8.14
-23.47, -8.11, 8.32
-23.61, -8.61, 8.18
-23.61, -8.13, 8.36
-23.74, -8.62, 8.23
-23.74, -8.15, 8.41
-23.85, -8.65, 8.29
-23.85, -8.17, 8.47
-23.95, -8.67, 8.35
-23.95, -8.19, 8.53
-24.04, -8.7, 8.43
-24.04, -8.22, 8.61
-24.11, -8.73, 8.51
-24.11, -8.25, 8.69
-24.16, -8.77, 8.59
-24.16, -8.29, 8.78
-24.19, -8.8, 8.69
-24.19, -8.32, 8.87
-24.2, -8.84, 8.78
-24.2, -8.36, 8.96
-24.2, -8.89, 8.92
-24.2, -8.41, 9.1
-24.19, -8.92, 9.0
-24.19, -8.44, 9.19
-24.17, -8.95, 9.08
-24.17, -8.47, 9.26
-24.14, -8.98, 9.15
-24.14, -8.5, 9.33
-26.68, -9.76, 12.63
-27.53, -9.23, 11.25
-23.87, -6.97, 5.33
-22.17, -6.97, 5.33
-18.51, -9.23, 11.25
-19.36, -9.76, 12.63
-22.75, -8.89, 8.91
-22.75, -8.9, 8.95
-22.75, -8.41, 9.09
-22.75, -8.42, 9.13
-22.76, -8.91, 8.98
-22.76, -8.43, 9.16
-22.78, -8.92, 9.0
-22.78, -8.44, 9.19
-22.8, -8.93, 9.03
-22.8, -8.45, 9.21
-22.83, -8.94, 9.05
-22.83, -8.46, 9.23
-22.88, -8.95, 9.07
-22.88, -8.47, 9.26
-22.94, -8.96, 9.1
-22.94, -8.48, 9.28
-23.01, -8.97, 9.13
-23.01, -8.49, 9.31
-23.15, -8.99, 9.18
-23.15, -8.51, 9.36
-23.22, -8.97, 9.13
-23.22, -8.49, 9.31
-23.24, -8.96, 9.1
-23.24, -8.48, 9.28
-23.26, -8.95, 9.07
-23.26, -8.47, 9.26
-23.28, -8.94, 9.05
-23.28, -8.46, 9.23
-23.28, -8.93, 9.02
-23.28, -8.45, 9.2
-23.29, -8.9, 8.94
-23.29, -8.42, 9.13
-23.29, -8.86, 8.85
-23.29, -8.38, 9.03
-23.29, -8.84, 8.8
-23.29, -8.37, 8.99
-23.27, -8.83, 8.76
-23.27, -8.35, 8.95
-23.25, -8.82, 8.73
-23.25, -8.34, 8.91
-23.22, -8.81, 8.71
-23.22, -8.33, 8.89
-23.18, -8.8, 8.68
-23.18, -8.32, 8.87
-23.13, -8.79, 8.67
-23.13, -8.32, 8.85
-23.01, -8.79, 8.66
-23.01, -8.31, 8.84
-22.89, -8.79, 8.67
-22.89, -8.32, 8.85
-22.85, -8.8, 8.68
-22.85, -8.32, 8.86
-22.81, -8.8, 8.7
-22.81, -8.33, 8.88
-22.8, -8.81, 8.71
-22.8, -8.33, 8.89
-22.78, -8.81, 8.72
-22.78, -8.34, 8.91
-22.77, -8.82, 8.74
-22.77, -8.34, 8.92
-22.76, -8.83, 8.75
-22.76, -8.35, 8.94
-22.75, -8.84, 8.79
-22.75, -8.36, 8.97
-22.75, -8.86, 8.83
-22.75, -8.38, 9.01
-23.37, -9.35, 10.13
-23.36, -9.34, 10.09
-23.37, -8.87, 10.31
-23.36, -8.86, 10.27
-23.35, -9.32, 10.05
-23.35, -8.84, 10.24
-23.33, -9.31, 10.02
-23.33, -8.83, 10.2
-23.3, -9.3, 10.0
-23.3, -8.82, 10.18
-23.26, -9.29, 9.97
-23.26, -8.81, 10.15
-23.2, -9.28, 9.94
-23.2, -8.8, 10.12
-23.13, -9.27, 9.91
-23.13, -8.79, 10.09
-23.04, -9.25, 9.87
-23.04, -8.78, 10.05
-22.82, -9.22, 9.79
-22.82, -8.74, 9.97
-22.74, -9.24, 9.85
-22.74, -8.77, 10.03
-22.71, -9.25, 9.88
-22.71, -8.78, 10.06
-22.69, -9.27, 9.91
-22.7, -8.79, 10.09
-22.68, -9.28, 9.94
-22.68, -8.8, 10.12
-22.67, -9.29, 9.98
-22.67, -8.82, 10.16
-22.66, -9.33, 10.07
-22.66, -8.85, 10.25
-22.66, -9.36, 10.16
-22.66, -8.89, 10.34
-22.67, -9.39, 10.23
-22.67, -8.91, 10.41
-22.68, -9.41, 10.29
-22.68, -8.93, 10.47
-22.71, -9.43, 10.34
-22.71, -8.95, 10.52
-22.75, -9.44, 10.37
-22.75, -8.97, 10.56
-22.8, -9.46, 10.41
-22.8, -8.98, 10.59
-22.86, -9.46, 10.43
-22.86, -8.99, 10.61
-22.93, -9.47, 10.44
-22.93, -8.99, 10.62
-23.02, -9.47, 10.44
-23.02, -8.99, 10.63
-23.1, -9.47, 10.44
-23.1, -8.99, 10.62
-23.17, -9.47, 10.43
-23.17, -8.99, 10.61
-23.23, -9.46, 10.41
-23.23, -8.98, 10.59
-23.28, -9.45, 10.38
-23.28, -8.97, 10.56
-23.32, -9.43, 10.35
-23.32, -8.96, 10.53
-23.35, -9.42, 10.31
-23.35, -8.94, 10.49
-23.36, -9.4, 10.26
-23.36, -8.92, 10.44
-23.37, -9.38, 10.21
-23.37, -8.9, 10.39
-17.41, -6.06, 7.78
-17.08, -5.71, 7.76
-17.82, -5.65, 8.19
-17.5, -5.3, 8.17
-17.02, -5.64, 7.75
-17.43, -5.23, 8.16
-16.96, -5.58, 7.75
-17.37, -5.17, 8.16
-16.91, -5.53, 7.75
-17.32, -5.12, 8.16
-16.87, -5.49, 7.76
-17.28, -5.08, 8.17
-16.83, -5.47, 7.77
-17.24, -5.06, 8.18
-16.79, -5.44, 7.78
-17.2, -5.03, 8.19
-16.76, -5.43, 7.8
-17.17, -5.02, 8.21
-16.72, -5.42, 7.83
-17.13, -5.01, 8.24
-17.1, -6.42, 8.44
-17.51, -6.01, 8.86
-16.58, -6.34, 8.89
-16.99, -5.93, 9.3
-15.91, -4.59, 7.81
-16.32, -4.18, 8.22
-16.26, -4.64, 7.51
-16.67, -4.23, 7.92
-16.4, -4.67, 7.4
-16.81, -4.25, 7.81
-16.53, -4.71, 7.31
-16.94, -4.29, 7.72
-16.65, -4.76, 7.23
-17.06, -4.35, 7.65
-16.77, -4.82, 7.18
-17.18, -4.41, 7.59
-16.89, -4.9, 7.15
-17.3, -4.49, 7.56
-17.0, -4.99, 7.12
-17.41, -4.58, 7.53
-17.11, -5.09, 7.11
-17.52, -4.68, 7.52
-17.22, -5.2, 7.12
-17.63, -4.79, 7.53
-17.55, -5.57, 7.15
-17.96, -5.16, 7.56
-17.62, -5.64, 7.15
-18.03, -5.23, 7.56
-17.68, -5.7, 7.15
-18.09, -5.29, 7.56
-17.73, -5.75, 7.15
-18.14, -5.34, 7.56
-17.77, -5.78, 7.14
-18.18, -5.37, 7.56
-17.8, -5.8, 7.13
-18.21, -5.39, 7.55
-17.83, -5.82, 7.12
-18.24, -5.41, 7.53
-17.86, -5.83, 7.1
-18.27, -5.42, 7.51
-17.9, -5.84, 7.08
-18.31, -5.43, 7.49
-17.93, -5.85, 7.04
-18.35, -5.44, 7.45
-17.97, -5.85, 7.01
-18.38, -5.44, 7.42
-17.99, -5.84, 6.98
-18.4, -5.43, 7.39
-18.01, -5.82, 6.94
-18.42, -5.41, 7.35
-18.02, -5.8, 6.9
-18.43, -5.39, 7.32
-18.03, -5.76, 6.86
-18.44, -5.35, 7.28
-18.02, -5.72, 6.83
-18.44, -5.31, 7.24
-17.99, -5.62, 6.75
-18.41, -5.2, 7.16
-17.93, -5.47, 6.67
-18.34, -5.06, 7.09
-17.85, -5.34, 6.62
-18.26, -4.93, 7.03
-17.75, -5.2, 6.59
-18.16, -4.79, 7.0
-17.62, -5.06, 6.57
-18.03, -4.65, 6.99
-17.92, -4.83, 6.04
-18.33, -4.42, 6.45
-18.12, -5.05, 6.06
-18.53, -4.64, 6.47
-18.29, -5.27, 6.12
-18.7, -4.86, 6.53
-18.36, -5.39, 6.16
-18.77, -4.98, 6.57
-18.43, -5.52, 6.21
-18.84, -5.1, 6.63
-18.49, -5.65, 6.28
-18.9, -5.24, 6.69
-18.55, -5.78, 6.36
-18.96, -5.37, 6.78
-18.6, -5.92, 6.45
-19.01, -5.51, 6.86
-18.63, -6.04, 6.54
-19.04, -5.63, 6.95
-18.65, -6.16, 6.64
-19.06, -5.75, 7.05
-18.66, -6.26, 6.73
-19.07, -5.85, 7.14
-18.65, -6.35, 6.83
-19.06, -5.94, 7.24
-18.63, -6.43, 6.93
-19.04, -6.02, 7.34
-18.6, -6.49, 7.02
-19.01, -6.08, 7.43
-18.56, -6.54, 7.11
-18.97, -6.13, 7.52
-18.5, -6.58, 7.2
-18.92, -6.17, 7.61
-18.44, -6.6, 7.29
-18.85, -6.19, 7.7
-18.36, -6.61, 7.37
-18.77, -6.2, 7.79
-18.28, -6.6, 7.45
-18.69, -6.19, 7.87
-18.16, -6.58, 7.56
-18.57, -6.17, 7.97
-18.06, -6.56, 7.63
-18.48, -6.15, 8.04
-17.98, -6.53, 7.69
-18.39, -6.12, 8.1
-17.89, -6.49, 7.73
-18.3, -6.08, 8.14
-17.81, -6.44, 7.76
-18.22, -6.02, 8.17
-17.72, -6.37, 7.78
-18.13, -5.96, 8.19
-17.62, -6.28, 7.79
-18.03, -5.87, 8.2
-17.52, -6.18, 7.79
-17.93, -5.77, 8.2
-16.58, -7.85, 11.64
-17.95, -8.7, 11.12
-21.62, -6.44, 5.19
-21.09, -5.07, 4.34
-15.16, -1.4, 6.6
-14.31, -1.93, 7.98
-27.89, -5.53, 19.58
-28.26, -5.29, 19.44
-27.48, -5.11, 19.17
-27.85, -4.88, 19.03
-28.19, -4.87, 19.93
-27.78, -4.46, 19.52
-26.64, -5.83, 20.52
-26.22, -5.42, 20.11
-26.71, -6.25, 20.03
-26.3, -5.84, 19.62
-27.14, -5.99, 19.86
-26.73, -5.57, 19.45
-27.3, -6.89, 18.8
-26.88, -6.48, 18.39
-26.95, -6.98, 19.05
-26.54, -6.57, 18.64
-26.77, -7.5, 18.72
-26.36, -7.09, 18.31
-27.58, -7.37, 18.04
-27.17, -6.96, 17.63
-28.14, -7.03, 17.82
-27.73, -6.61, 17.41
-29.46, -4.09, 19.44
-29.51, -4.37, 19.12
-29.05, -3.68, 19.03
-29.1, -3.96, 18.7
-28.38, -5.06, 19.55
-27.97, -4.65, 19.13
-28.44, -5.39, 19.16
-28.03, -4.98, 18.75
-29.36, -6.28, 17.36
-28.95, -5.86, 16.95
-30.09, -5.82, 17.08
-29.68, -5.41, 16.67
-29.25, -5.03, 18.72
-28.84, -4.61, 18.31
-29.61, -4.8, 18.58
-29.2, -4.39, 18.17
-29.83, -5.12, 18.04
-29.41, -4.71, 17.63
-30.41, -4.76, 17.82
-29.99, -4.35, 17.41
-30.34, -4.35, 18.3
-29.92, -3.94, 17.89
-30.6, -4.19, 18.2
-30.19, -3.78, 17.79
-30.52, -3.74, 18.73
-30.11, -3.33, 18.32
-30.26, -3.9, 18.83
-29.85, -3.49, 18.42
-30.21, -3.62, 19.16
-29.8, -3.21, 18.74
-30.87, -1.4, 19.48
-31.72, -1.93, 18.11
-29.46, -7.85, 14.45
-28.08, -8.7, 14.97
-24.42, -6.44, 20.9
-24.95, -5.07, 21.75
-32.25, 3.21, 12.78
-32.2, 3.35, 12.64
-31.59, 2.96, 12.78
-31.54, 3.1, 12.64
-32.14, 3.52, 12.52
-31.47, 3.27, 12.52
-32.1, 3.62, 12.47
-31.43, 3.36, 12.47
-32.06, 3.72, 12.43
-31.4, 3.46, 12.43
-32.02, 3.82, 12.41
-31.36, 3.57, 12.41
-31.98, 3.93, 12.4
-31.32, 3.67, 12.4
-31.94, 4.03, 12.4
-31.28, 3.78, 12.4
-31.9, 4.14, 12.42
-31.24, 3.88, 12.42
-31.86, 4.24, 12.45
-31.2, 3.98, 12.45
-31.83, 4.33, 12.5
-31.16, 4.08, 12.5
-31.79, 4.42, 12.56
-31.13, 4.17, 12.56
-31.76, 4.51, 12.64
-31.1, 4.25, 12.64
-31.73, 4.58, 12.73
-31.07, 4.33, 12.73
-31.71, 4.64, 12.84
-31.04, 4.39, 12.84
-31.67, 4.75, 13.02
-31.0, 4.49, 13.02
-31.65, 4.8, 13.14
-30.98, 4.54, 13.14
-31.64, 4.83, 13.25
-30.97, 4.57, 13.25
-31.63, 4.84, 13.37
-30.97, 4.59, 13.37
-31.63, 4.84, 13.5
-30.97, 4.59, 13.5
-31.64, 4.82, 13.63
-30.98, 4.56, 13.63
-31.66, 4.78, 13.75
-30.99, 4.52, 13.75
-31.68, 4.72, 13.88
-31.01, 4.47, 13.88
-31.71, 4.64, 14.0
-31.04, 4.39, 14.0
-31.75, 4.55, 14.13
-31.08, 4.29, 14.13
-31.79, 4.43, 14.24
-31.12, 4.18, 14.24
-31.84, 4.3, 14.35
-31.17, 4.05, 14.35
-31.9, 4.15, 14.45
-31.23, 3.9, 14.45
-31.96, 3.99, 14.54
-31.29, 3.73, 14.54
-32.02, 3.83, 14.61
-31.35, 3.57, 14.61
-32.08, 3.67, 14.66
-31.42, 3.41, 14.66
-32.14, 3.51, 14.69
-31.47, 3.26, 14.69
-32.2, 3.36, 14.7
-31.53, 3.11, 14.7
-32.25, 3.22, 14.69
-31.59, 2.96, 14.69
-32.31, 3.08, 14.67
-31.64, 2.83, 14.67
-32.35, 2.95, 14.62
-31.69, 2.7, 14.62
-32.29, 3.11, 13.95
-31.63, 2.86, 13.95
-32.25, 3.22, 13.97
-31.59, 2.96, 13.97
-32.22, 3.31, 13.99
-31.55, 3.06, 13.99
-32.19, 3.39, 13.99
-31.52, 3.14, 13.99
-32.16, 3.47, 13.99
-31.49, 3.21, 13.99
-32.1, 3.61, 13.96
-31.44, 3.36, 13.96
-32.04, 3.77, 13.89
-31.38, 3.51, 13.89
-32.02, 3.84, 13.84
-31.35, 3.58, 13.84
-31.99, 3.9, 13.78
-31.33, 3.64, 13.78
-31.98, 3.94, 13.73
-31.31, 3.69, 13.73
-31.96, 3.98, 13.67
-31.3, 3.72, 13.67
-31.96, 3.99, 13.61
-31.29, 3.74, 13.61
-31.95, 4.0, 13.55
-31.29, 3.74, 13.55
-31.96, 3.99, 13.49
-31.29, 3.73, 13.49
-31.97, 3.96, 13.43
-31.3, 3.71, 13.43
-31.98, 3.92, 13.36
-31.32, 3.67, 13.36
-32.0, 3.88, 13.29
-31.33, 3.63, 13.29
-32.02, 3.83, 13.24
-31.35, 3.58, 13.24
-32.04, 3.78, 13.21
-31.37, 3.53, 13.21
-32.05, 3.76, 13.2
-31.38, 3.5, 13.2
-32.06, 3.73, 13.19
-31.39, 3.47, 13.19
-32.08, 3.67, 13.19
-31.41, 3.42, 13.19
-32.1, 3.61, 13.2
-31.44, 3.35, 13.2
-32.13, 3.54, 13.23
-31.47, 3.28, 13.23
-32.16, 3.46, 13.27
-31.5, 3.2, 13.27
-32.18, 3.4, 13.31
-31.52, 3.14, 13.31
-32.2, 3.35, 13.35
-31.54, 3.1, 13.35
-32.23, 3.27, 13.44
-31.57, 3.01, 13.44
-32.25, 3.23, 13.48
-31.58, 2.98, 13.48
-32.26, 3.2, 13.51
-31.59, 2.95, 13.51
-32.41, 2.8, 13.76
-31.75, 2.54, 13.76
-32.72, 1.99, 12.25
-32.06, 1.74, 12.25
-32.11, 3.6, 11.26
-31.44, 3.34, 11.26
-31.99, 3.91, 11.85
-31.32, 3.66, 11.85
-32.33, 3.01, 12.4
-31.67, 2.76, 12.4
-29.8, 7.64, 13.89
-29.8, 7.64, 12.19
-32.06, 1.72, 8.53
-32.59, 0.34, 9.38
-32.59, 0.34, 16.71
-32.06, 1.72, 17.56
-22.45, 9.43, 10.34
-21.99, 9.43, 10.34
-22.45, 8.76, 10.59
-21.99, 8.76, 10.59
-21.99, 9.66, 10.94
-21.99, 9.0, 11.2
-23.91, 9.66, 10.94
-23.91, 9.0, 11.2
-23.91, 9.43, 10.34
-23.91, 8.76, 10.59
-23.38, 9.43, 10.34
-23.38, 8.76, 10.59
-23.38, 8.93, 9.03
-23.38, 8.26, 9.28
-23.78, 8.99, 9.18
-23.78, 8.32, 9.44
-24.08, 8.79, 8.66
-24.08, 8.12, 8.91
-23.15, 8.6, 8.17
-23.15, 7.94, 8.42
-22.45, 8.6, 8.17
-22.45, 7.94, 8.42
-22.17, 6.63, 5.0
-23.87, 6.63, 5.0
-27.9, 9.12, 11.52
-27.05, 9.65, 12.9
-18.99, 9.65, 12.9
-18.14, 9.12, 11.52
-13.4, 2.22, 14.02
-13.58, 2.67, 14.06
-14.07, 1.97, 14.02
-14.24, 2.42, 14.06
-13.61, 2.76, 14.07
-14.28, 2.51, 14.07
-13.64, 2.84, 14.08
-14.31, 2.59, 14.08
-13.66, 2.91, 14.09
-14.33, 2.65, 14.09
-13.68, 2.96, 14.1
-14.35, 2.7, 14.1
-13.7, 3.0, 14.12
-14.36, 2.74, 14.12
-13.71, 3.03, 14.14
-14.38, 2.78, 14.14
-13.73, 3.07, 14.17
-14.39, 2.81, 14.17
-13.74, 3.09, 14.2
-14.4, 2.84, 14.2
-13.35, 2.09, 14.82
-14.02, 1.84, 14.82
-13.48, 2.42, 15.42
-14.14, 2.16, 15.42
-14.15, 4.17, 14.34
-14.81, 3.91, 14.34
-14.06, 3.95, 13.94
-14.73, 3.7, 13.94
-14.03, 3.86, 13.79
-14.69, 3.61, 13.79
-13.99, 3.76, 13.66
-14.66, 3.51, 13.66
-13.95, 3.66, 13.56
-14.62, 3.4, 13.56
-13.91, 3.55, 13.48
-14.57, 3.29, 13.48
-13.86, 3.43, 13.41
-14.53, 3.17, 13.41
-13.81, 3.3, 13.37
-14.48, 3.04, 13.37
-13.76, 3.16, 13.33
-14.43, 2.91, 13.33
-13.71, 3.02, 13.31
-14.37, 2.76, 13.31
-13.53, 2.56, 13.29
-14.2, 2.3, 13.29
-13.49, 2.46, 13.28
-14.16, 2.21, 13.28
-13.46, 2.38, 13.27
-14.13, 2.13, 13.27
-13.44, 2.32, 13.26
-14.11, 2.07, 13.26
-13.42, 2.28, 13.24
-14.09, 2.02, 13.24
-13.41, 2.24, 13.23
-14.08, 1.99, 13.23
-13.4, 2.21, 13.2
-14.06, 1.96, 13.2
-13.39, 2.18, 13.18
-14.05, 1.93, 13.18
-13.38, 2.16, 13.14
-14.05, 1.91, 13.14
-13.37, 2.14, 13.1
-14.04, 1.88, 13.1
-13.36, 2.12, 13.06
-14.03, 1.87, 13.06
-13.36, 2.11, 13.01
-14.03, 1.86, 13.01
-13.36, 2.12, 12.97
-14.03, 1.86, 12.97
-13.37, 2.13, 12.93
-14.03, 1.88, 12.93
-13.38, 2.16, 12.88
-14.04, 1.9, 12.88
-13.39, 2.19, 12.84
-14.06, 1.94, 12.84
-13.43, 2.29, 12.76
-14.1, 2.04, 12.76
-13.49, 2.44, 12.69
-14.15, 2.19, 12.69
-13.54, 2.59, 12.64
-14.21, 2.34, 12.64
-13.61, 2.75, 12.63
-14.27, 2.5, 12.63
-13.67, 2.93, 12.63
-14.34, 2.67, 12.63
-13.69, 2.97, 11.98
-14.35, 2.72, 11.98
-13.58, 2.69, 11.96
-14.25, 2.44, 11.96
-13.48, 2.43, 11.99
-14.15, 2.17, 11.99
-13.43, 2.29, 12.03
-14.1, 2.04, 12.03
-13.38, 2.16, 12.08
-14.04, 1.9, 12.08
-13.33, 2.02, 12.14
-13.99, 1.77, 12.14
-13.27, 1.88, 12.22
-13.94, 1.63, 12.22
-13.22, 1.75, 12.31
-13.89, 1.49, 12.31
-13.18, 1.63, 12.41
-13.84, 1.38, 12.41
-13.14, 1.53, 12.51
-13.8, 1.27, 12.51
-13.1, 1.44, 12.61
-13.77, 1.19, 12.61
-13.08, 1.37, 12.72
-13.74, 1.12, 12.72
-13.06, 1.32, 12.83
-13.72, 1.06, 12.83
-13.04, 1.28, 12.94
-13.71, 1.03, 12.94
-13.04, 1.26, 13.06
-13.7, 1.01, 13.06
-13.04, 1.26, 13.17
-13.7, 1.01, 13.17
-13.04, 1.28, 13.28
-13.71, 1.02, 13.28
-13.05, 1.31, 13.39
-13.72, 1.05, 13.39
-13.07, 1.36, 13.49
-13.74, 1.1, 13.49
-13.1, 1.43, 13.63
-13.77, 1.18, 13.63
-13.12, 1.49, 13.73
-13.79, 1.24, 13.73
-13.15, 1.56, 13.81
-13.82, 1.31, 13.81
-13.18, 1.64, 13.87
-13.85, 1.38, 13.87
-13.21, 1.73, 13.92
-13.88, 1.47, 13.92
-13.25, 1.83, 13.96
-13.92, 1.57, 13.96
-13.3, 1.94, 13.99
-13.96, 1.69, 13.99
-13.35, 2.07, 14.01
-14.01, 1.82, 14.01
-14.24, 4.41, 13.44
-14.09, 4.03, 13.67
-14.9, 4.15, 13.44
-14.76, 3.78, 13.67
-14.21, 4.34, 14.24
-14.88, 4.08, 14.24
-14.8, 5.89, 13.27
-15.47, 5.64, 13.27
-14.69, 5.59, 12.71
-15.35, 5.33, 12.71
-14.52, 5.15, 12.98
-15.19, 4.9, 12.98
-14.27, 4.5, 11.76
-14.94, 4.25, 11.76
-14.43, 4.9, 11.71
-15.09, 4.65, 11.71
-14.42, 4.89, 11.07
-15.09, 4.63, 11.07
-14.04, 3.88, 11.08
-14.7, 3.63, 11.08
-13.82, 3.32, 11.43
-14.49, 3.07, 11.43
-13.9, 1.52, 17.92
-13.37, 0.14, 17.07
-13.37, 0.14, 9.01
-13.9, 1.52, 8.16
-16.39, 8.04, 12.19
-16.39, 8.04, 13.89
-17.02, -4.82, 19.15
-17.39, -5.06, 19.29
-17.43, -4.41, 18.74
-17.8, -4.65, 18.88
-17.46, -4.64, 19.78
-17.87, -4.23, 19.37
-15.91, -3.68, 19.19
-16.32, -3.26, 18.78
-15.84, -4.1, 18.7
-16.25, -3.68, 18.29
-16.27, -4.36, 18.86
-16.68, -3.95, 18.45
-16.12, -5.27, 17.8
-16.53, -4.86, 17.39
-15.81, -4.96, 17.8
-16.22, -4.55, 17.39
-15.5, -5.17, 17.29
-15.91, -4.76, 16.87
-16.2, -5.98, 17.18
-16.61, -5.57, 16.76
-16.76, -6.33, 17.39
-17.17, -5.91, 16.98
-18.83, -5.94, 19.84
-19.2, -6.18, 19.98
-19.24, -5.53, 19.43
-19.61, -5.77, 19.57
-19.27, -5.76, 20.47
-19.69, -5.35, 20.06
-17.72, -4.8, 19.88
-18.13, -4.38, 19.47
-17.65, -5.22, 19.39
-18.06, -4.8, 18.98
-18.08, -5.48, 19.55
-18.49, -5.07, 19.14
-17.93, -6.39, 18.49
-18.34, -5.98, 18.08
-17.62, -6.08, 18.5
-18.03, -5.67, 18.08
-17.31, -6.29, 17.98
-17.72, -5.88, 17.57
-18.01, -7.1, 17.87
-18.42, -6.69, 17.46
-18.57, -7.45, 18.08
-18.98, -7.03, 17.67
-21.09, -5.07, 21.75
-21.62, -6.44, 20.9
-17.95, -8.7, 14.97
-16.58, -7.85, 14.45
-14.31, -1.93, 18.11
-15.16, -1.4, 19.48
-14.27, -4.49, 12.69
-14.13, -4.11, 12.46
-14.93, -4.24, 12.69
-14.79, -3.86, 12.46
-14.24, -4.42, 11.9
-14.91, -4.16, 11.9
-14.84, -5.97, 12.86
-15.5, -5.72, 12.86
-14.72, -5.67, 13.42
-15.38, -5.41, 13.42
-14.55, -5.24, 13.16
-15.22, -4.98, 13.16
-14.3, -4.58, 14.37
-14.97, -4.33, 14.37
-14.46, -4.98, 14.43
-15.12, -4.73, 14.43
-14.45, -4.97, 15.07
-15.12, -4.71, 15.07
-14.07, -3.96, 15.05
-14.73, -3.71, 15.05
-13.85, -3.4, 14.71
-14.52, -3.15, 14.71
-13.56, -2.63, 12.9
-13.51, -2.49, 12.91
-13.76, -2.56, 12.9
-14.17, -2.24, 12.91
-13.45, -2.35, 12.89
-14.12, -2.1, 12.89
-13.4, -2.2, 12.84
-14.06, -1.95, 12.84
-13.34, -2.05, 12.76
-14.0, -1.8, 12.76
-13.3, -1.95, 12.69
-13.97, -1.7, 12.69
-13.27, -1.87, 12.61
-13.93, -1.61, 12.61
-13.24, -1.79, 12.53
-13.9, -1.54, 12.53
-13.22, -1.73, 12.43
-13.88, -1.48, 12.43
-13.2, -1.69, 12.33
-13.86, -1.43, 12.33
-13.19, -1.66, 12.22
-13.85, -1.4, 12.22
-13.18, -1.64, 12.12
-13.85, -1.39, 12.12
-13.18, -1.64, 12.0
-13.85, -1.39, 12.0
-13.19, -1.65, 11.89
-13.85, -1.4, 11.89
-13.2, -1.68, 11.78
-13.86, -1.43, 11.78
-13.21, -1.72, 11.66
-13.88, -1.47, 11.66
-13.23, -1.77, 11.55
-13.9, -1.52, 11.55
-13.26, -1.86, 11.39
-13.93, -1.61, 11.39
-13.29, -1.93, 11.28
-13.96, -1.68, 11.28
-13.32, -2.01, 11.18
-13.99, -1.75, 11.18
-13.36, -2.1, 11.09
-14.02, -1.84, 11.09
-13.39, -2.2, 11.02
-14.06, -1.94, 11.02
-13.44, -2.31, 10.96
-14.1, -2.05, 10.96
-13.48, -2.43, 10.92
-14.15, -2.17, 10.92
-13.53, -2.55, 10.9
-14.19, -2.3, 10.9
-13.58, -2.69, 10.89
-14.25, -2.43, 10.89
-13.63, -2.83, 10.91
-14.3, -2.57, 10.91
-13.69, -2.97, 10.95
-14.36, -2.72, 10.95
-13.75, -3.12, 11.01
-14.41, -2.87, 11.01
-13.81, -3.28, 11.1
-14.47, -3.02, 11.1
-13.85, -3.39, 11.17
-14.52, -3.14, 11.17
-13.89, -3.49, 11.25
-14.55, -3.24, 11.25
-13.92, -3.58, 11.34
-14.59, -3.33, 11.34
-13.95, -3.66, 11.43
-14.62, -3.41, 11.43
-13.98, -3.73, 11.53
-14.64, -3.47, 11.53
-14.0, -3.78, 11.63
-14.66, -3.53, 11.63
-14.02, -3.83, 11.73
-14.68, -3.57, 11.73
-14.03, -3.86, 11.84
-14.69, -3.6, 11.84
-14.03, -3.88, 11.95
-14.7, -3.62, 11.95
-14.04, -3.88, 12.07
-14.7, -3.63, 12.07
-14.04, -3.88, 12.19
-14.7, -3.62, 12.19
-14.03, -3.86, 12.3
-14.7, -3.61, 12.3
-14.02, -3.83, 12.43
-14.68, -3.58, 12.43
-14.0, -3.79, 12.55
-14.67, -3.54, 12.55
-13.98, -3.74, 12.68
-14.65, -3.49, 12.68
-13.96, -3.68, 12.8
-14.62, -3.43, 12.8
-13.92, -3.57, 13.0
-14.58, -3.32, 13.0
-13.88, -3.47, 13.17
-14.55, -3.22, 13.17
-13.84, -3.37, 13.31
-14.51, -3.11, 13.31
-13.8, -3.25, 13.44
-14.46, -3.0, 13.44
-13.75, -3.13, 13.55
-14.42, -2.88, 13.55
-13.7, -3.0, 13.64
-14.37, -2.75, 13.64
-13.65, -2.86, 13.71
-14.31, -2.61, 13.71
-13.59, -2.72, 13.76
-14.26, -2.46, 13.76
-13.53, -2.56, 13.79
-14.2, -2.31, 13.79
-13.47, -2.4, 13.81
-14.14, -2.15, 13.81
-13.41, -2.23, 13.8
-14.07, -1.98, 13.8
-13.34, -2.06, 13.78
-14.01, -1.81, 13.78
-13.27, -1.89, 13.74
-13.94, -1.63, 13.74
-13.21, -1.71, 13.69
-13.87, -1.45, 13.69
-13.13, -1.52, 13.61
-13.8, -1.27, 13.61
-13.06, -1.33, 13.52
-13.73, -1.08, 13.52
-12.99, -1.14, 13.4
-13.65, -0.88, 13.4
-13.11, -1.46, 12.8
-13.78, -1.21, 12.8
-13.18, -1.65, 12.91
-13.85, -1.4, 12.91
-13.25, -1.83, 12.99
-13.92, -1.57, 12.99
-13.31, -1.99, 13.05
-13.98, -1.74, 13.05
-13.37, -2.14, 13.08
-14.04, -1.89, 13.08
-13.43, -2.28, 13.09
-14.09, -2.03, 13.09
-13.47, -2.41, 13.06
-14.14, -2.16, 13.06
-13.52, -2.53, 13.0
-14.18, -2.27, 13.0
-13.45, -0.34, 16.71
-13.97, -1.72, 17.56
-16.24, -7.64, 13.89
-16.24, -7.64, 12.19
-13.97, -1.72, 8.53
-13.45, -0.34, 9.38
-13.52, -2.53, 11.98
-13.51, -2.5, 12.05
-14.19, -2.28, 11.98
-14.17, -2.24, 12.05
-13.5, -2.48, 12.11
-14.17, -2.22, 12.11
-13.5, -2.46, 12.17
-14.16, -2.21, 12.17
-13.5, -2.46, 12.22
-14.16, -2.21, 12.22
-13.5, -2.47, 12.24
-14.16, -2.21, 12.24
-13.5, -2.48, 12.26
-14.17, -2.22, 12.26
-13.51, -2.5, 12.3
-14.18, -2.25, 12.3
-13.53, -2.54, 12.34
-14.19, -2.29, 12.34
-13.55, -2.6, 12.38
-14.21, -2.34, 12.38
-13.57, -2.67, 12.41
-14.24, -2.41, 12.41
-13.6, -2.74, 12.43
-14.27, -2.49, 12.43
-13.63, -2.82, 12.44
-14.3, -2.57, 12.44
-13.66, -2.91, 12.43
-14.33, -2.65, 12.43
-13.71, -3.03, 12.19
-14.38, -2.78, 12.19
-13.73, -3.08, 12.1
-14.4, -2.83, 12.1
-13.74, -3.11, 12.02
-14.41, -2.86, 12.02
-13.75, -3.13, 11.95
-14.41, -2.87, 11.95
-13.75, -3.13, 11.89
-14.42, -2.88, 11.89
-13.75, -3.13, 11.86
-14.41, -2.87, 11.86
-13.75, -3.12, 11.84
-14.41, -2.87, 11.84
-13.74, -3.11, 11.81
-14.41, -2.86, 11.81
-13.74, -3.1, 11.79
-14.4, -2.84, 11.79
-13.72, -3.06, 11.75
-14.39, -2.8, 11.75
-13.7, -3.0, 11.71
-14.37, -2.75, 11.71
-13.68, -2.94, 11.67
-14.34, -2.68, 11.67
-13.65, -2.88, 11.65
-14.32, -2.62, 11.65
-13.63, -2.82, 11.65
-14.3, -2.57, 11.65
-13.62, -2.8, 11.65
-14.29, -2.54, 11.65
-13.61, -2.77, 11.66
-14.28, -2.52, 11.66
-13.6, -2.73, 11.69
-14.26, -2.47, 11.69
-13.58, -2.68, 11.74
-14.24, -2.43, 11.74
-13.56, -2.63, 11.8
-14.23, -2.38, 11.8
-13.54, -2.59, 11.88
-14.21, -2.33, 11.88
-18.09, 7.15, 8.19
-18.16, 6.73, 7.7
-18.5, 6.74, 8.6
-18.57, 6.32, 8.11
-17.65, 4.75, 6.23
-18.06, 4.34, 6.64
-16.84, 4.25, 6.54
-17.25, 3.84, 6.95
-17.39, 6.23, 7.96
-17.81, 5.82, 8.38
-16.37, 5.59, 8.36
-16.78, 5.18, 8.77
-16.29, 6.04, 8.87
-16.7, 5.62, 9.29
-17.95, 8.7, 11.12
-16.58, 7.85, 11.64
-14.31, 1.93, 7.98
-15.16, 1.4, 6.6
-21.09, 5.07, 4.34
-21.62, 6.44, 5.19
-30.16, 3.81, 7.06
-30.09, 3.8, 6.98
-29.75, 3.39, 7.47
-29.67, 3.39, 7.39
-30.01, 3.81, 6.91
-29.6, 3.4, 7.32
-29.92, 3.82, 6.84
-29.51, 3.41, 7.25
-29.83, 3.85, 6.78
-29.42, 3.44, 7.19
-29.73, 3.89, 6.72
-29.32, 3.48, 7.13
-29.63, 3.94, 6.66
-29.22, 3.53, 7.07
-29.52, 4.0, 6.61
-29.11, 3.59, 7.02
-29.4, 4.07, 6.56
-28.99, 3.65, 6.97
-29.29, 4.14, 6.52
-28.87, 3.73, 6.93
-29.18, 4.21, 6.49
-28.77, 3.8, 6.9
-29.08, 4.29, 6.47
-28.67, 3.88, 6.88
-28.99, 4.37, 6.46
-28.58, 3.96, 6.87
-28.91, 4.45, 6.45
-28.5, 4.04, 6.86
-28.83, 4.53, 6.46
-28.42, 4.12, 6.87
-28.76, 4.62, 6.48
-28.35, 4.21, 6.89
-28.7, 4.71, 6.5
-28.29, 4.29, 6.92
-28.65, 4.79, 6.54
-28.24, 4.38, 6.95
-28.61, 4.88, 6.58
-28.2, 4.47, 6.99
-28.58, 4.96, 6.63
-28.17, 4.55, 7.05
-28.55, 5.05, 6.69
-28.14, 4.64, 7.11
-28.53, 5.13, 6.76
-28.12, 4.72, 7.17
-28.53, 5.22, 6.84
-28.12, 4.81, 7.25
-28.53, 5.3, 6.92
-28.12, 4.89, 7.33
-28.54, 5.38, 7.01
-28.13, 4.97, 7.42
-28.64, 6.0, 7.73
-28.23, 5.58, 8.14
-28.66, 6.07, 7.83
-28.25, 5.66, 8.24
-28.68, 6.14, 7.92
-28.27, 5.73, 8.33
-28.72, 6.2, 8.01
-28.31, 5.79, 8.42
-28.76, 6.25, 8.1
-28.34, 5.84, 8.51
-28.8, 6.29, 8.19
-28.39, 5.88, 8.6
-28.86, 6.32, 8.27
-28.45, 5.91, 8.68
-28.92, 6.34, 8.35
-28.51, 5.93, 8.76
-28.99, 6.35, 8.43
-28.58, 5.94, 8.85
-29.06, 6.36, 8.51
-28.65, 5.95, 8.92
-29.14, 6.35, 8.59
-28.73, 5.94, 9.0
-29.23, 6.33, 8.66
-28.82, 5.92, 9.07
-29.32, 6.31, 8.72
-28.91, 5.89, 9.13
-29.42, 6.27, 8.78
-29.01, 5.86, 9.19
-29.52, 6.22, 8.84
-29.11, 5.81, 9.25
-29.63, 6.16, 8.89
-29.22, 5.75, 9.3
-29.75, 6.1, 8.94
-29.33, 5.68, 9.35
-29.86, 6.02, 8.98
-29.45, 5.61, 9.39
-29.97, 5.94, 9.01
-29.56, 5.53, 9.42
-30.07, 5.87, 9.03
-29.66, 5.45, 9.44
-30.16, 5.79, 9.04
-29.75, 5.38, 9.45
-30.24, 5.71, 9.04
-29.83, 5.3, 9.46
-30.32, 5.62, 9.04
-29.91, 5.21, 9.45
-30.38, 5.54, 9.02
-29.97, 5.13, 9.43
-30.44, 5.46, 8.99
-30.03, 5.05, 9.4
-30.49, 5.37, 8.96
-30.08, 4.96, 9.37
-30.53, 5.29, 8.91
-30.12, 4.88, 9.32
-30.56, 5.2, 8.86
-30.15, 4.79, 9.27
-30.59, 5.12, 8.8
-30.18, 4.71, 9.21
-30.6, 5.04, 8.73
-30.19, 4.62, 9.14
-30.61, 4.95, 8.66
-30.2, 4.54, 9.07
-30.61, 4.87, 8.57
-30.2, 4.46, 8.98
-30.6, 4.79, 8.48
-30.19, 4.38, 8.89
-30.49, 4.17, 7.76
-30.08, 3.76, 8.17
-30.48, 4.09, 7.66
-30.06, 3.68, 8.08
-30.45, 4.03, 7.57
-30.04, 3.61, 7.98
-30.42, 3.97, 7.48
-30.01, 3.55, 7.89
-30.38, 3.92, 7.39
-29.97, 3.5, 7.8
-30.34, 3.87, 7.3
-29.93, 3.46, 7.72
-30.28, 3.84, 7.22
-29.87, 3.43, 7.63
-30.23, 3.82, 7.14
-29.81, 3.41, 7.55
-27.9, 5.52, 6.51
-28.27, 5.29, 6.65
-27.49, 5.11, 6.92
-27.86, 4.87, 7.06
-28.2, 4.87, 6.16
-27.79, 4.45, 6.57
-26.65, 5.83, 5.57
-26.24, 5.42, 5.98
-26.72, 6.25, 6.06
-26.31, 5.84, 6.47
-27.15, 5.98, 6.23
-26.74, 5.57, 6.64
-27.31, 6.88, 7.29
-26.9, 6.47, 7.7
-26.97, 6.98, 7.04
-26.55, 6.57, 7.45
-26.78, 7.49, 7.37
-26.37, 7.08, 7.78
-27.59, 7.36, 8.05
-27.18, 6.95, 8.46
-28.16, 7.02, 8.27
-27.74, 6.61, 8.68
-30.87, 1.4, 6.6
-31.72, 1.93, 7.98
-29.46, 7.85, 11.64
-28.08, 8.7, 11.12
-24.42, 6.44, 5.19
-24.95, 5.07, 4.34
-29.47, 4.5, 7.07
-29.53, 4.47, 7.1
-29.06, 4.09, 7.48
-29.12, 4.06, 7.51
-29.58, 4.45, 7.13
-29.17, 4.04, 7.54
-29.6, 4.45, 7.14
-29.19, 4.04, 7.56
-29.62, 4.45, 7.16
-29.21, 4.04, 7.57
-29.64, 4.45, 7.18
-29.23, 4.04, 7.59
-29.65, 4.46, 7.21
-29.24, 4.05, 7.62
-29.68, 4.48, 7.26
-29.27, 4.07, 7.67
-29.71, 4.52, 7.32
-29.29, 4.11, 7.73
-29.73, 4.57, 7.39
-29.31, 4.16, 7.8
-29.74, 4.64, 7.48
-29.33, 4.23, 7.89
-29.85, 5.25, 8.19
-29.43, 4.84, 8.6
-29.85, 5.33, 8.28
-29.44, 4.92, 8.69
-29.86, 5.39, 8.34
-29.44, 4.98, 8.76
-29.85, 5.45, 8.4
-29.44, 5.04, 8.81
-29.83, 5.51, 8.43
-29.42, 5.09, 8.84
-29.82, 5.53, 8.44
-29.41, 5.12, 8.85
-29.81, 5.55, 8.45
-29.4, 5.14, 8.86
-29.79, 5.57, 8.46
-29.38, 5.16, 8.87
-29.77, 5.6, 8.46
-29.36, 5.18, 8.87
-29.73, 5.64, 8.46
-29.32, 5.22, 8.87
-29.67, 5.67, 8.44
-29.26, 5.26, 8.85
-29.62, 5.7, 8.41
-29.2, 5.29, 8.83
-29.56, 5.72, 8.38
-29.15, 5.31, 8.79
-29.54, 5.73, 8.36
-29.13, 5.32, 8.77
-29.52, 5.73, 8.34
-29.11, 5.32, 8.75
-29.5, 5.73, 8.32
-29.09, 5.31, 8.73
-29.48, 5.72, 8.3
-29.07, 5.31, 8.71
-29.45, 5.7, 8.25
-29.04, 5.29, 8.66
-29.43, 5.66, 8.18
-29.02, 5.25, 8.59
-29.41, 5.6, 8.1
-29.0, 5.19, 8.52
-29.39, 5.53, 8.02
-28.98, 5.12, 8.43
-29.29, 4.92, 7.3
-28.88, 4.51, 7.72
-29.28, 4.85, 7.22
-28.87, 4.44, 7.63
-29.28, 4.78, 7.16
-28.87, 4.37, 7.57
-29.29, 4.73, 7.11
-28.88, 4.31, 7.52
-29.31, 4.67, 7.07
-28.89, 4.26, 7.48
-29.32, 4.65, 7.06
-28.91, 4.24, 7.47
-29.33, 4.63, 7.05
-28.92, 4.22, 7.47
-29.35, 4.6, 7.05
-28.94, 4.19, 7.46
-29.37, 4.58, 7.05
-28.96, 4.17, 7.46
-29.42, 4.54, 7.05
-29.01, 4.13, 7.46
-32.19, -3.38, 10.69
-32.25, -3.22, 10.99
-31.53, -3.13, 10.69
-31.59, -2.97, 10.99
-31.46, -5.28, 12.26
-30.8, -5.03, 12.26
-31.4, -5.44, 11.97
-30.74, -5.19, 11.97
-32.69, -2.07, 14.31
-32.66, -2.15, 14.43
-32.03, -1.81, 14.31
-31.99, -1.9, 14.43
-32.62, -2.26, 14.55
-31.95, -2.01, 14.55
-32.57, -2.39, 14.66
-31.9, -2.14, 14.66
-32.51, -2.54, 14.76
-31.85, -2.29, 14.76
-32.47, -2.66, 14.83
-31.8, -2.41, 14.83
-32.42, -2.78, 14.89
-31.76, -2.52, 14.89
-32.38, -2.89, 14.93
-31.71, -2.64, 14.93
-32.34, -3.0, 14.95
-31.67, -2.75, 14.95
-32.29, -3.11, 14.97
-31.63, -2.86, 14.97
-32.25, -3.22, 14.97
-31.59, -2.96, 14.97
-32.21, -3.32, 14.95
-31.55, -3.06, 14.95
-32.18, -3.42, 14.93
-31.51, -3.16, 14.93
-32.14, -3.52, 14.89
-31.47, -3.26, 14.89
-32.1, -3.61, 14.83
-31.44, -3.36, 14.83
-32.07, -3.7, 14.77
-31.4, -3.45, 14.77
-32.04, -3.79, 14.69
-31.37, -3.53, 14.69
-32.0, -3.87, 14.61
-31.34, -3.62, 14.61
-31.97, -3.95, 14.51
-31.31, -3.69, 14.51
-31.94, -4.02, 14.39
-31.28, -3.77, 14.39
-31.92, -4.1, 14.27
-31.25, -3.84, 14.27
-31.88, -4.2, 14.07
-31.21, -3.95, 14.07
-31.84, -4.29, 13.89
-31.18, -4.04, 13.89
-31.82, -4.36, 13.72
-31.15, -4.1, 13.72
-31.8, -4.4, 13.55
-31.14, -4.15, 13.55
-31.79, -4.43, 13.38
-31.13, -4.17, 13.38
-31.79, -4.43, 13.21
-31.12, -4.18, 13.21
-31.79, -4.42, 13.05
-31.13, -4.17, 13.05
-31.81, -4.39, 12.89
-31.14, -4.13, 12.89
-31.83, -4.34, 12.73
-31.16, -4.08, 12.73
-31.85, -4.26, 12.57
-31.19, -4.01, 12.57
-31.89, -4.17, 12.42
-31.22, -3.92, 12.42
-31.93, -4.06, 12.27
-31.26, -3.81, 12.27
-31.98, -3.93, 12.12
-31.31, -3.68, 12.12
-32.04, -3.79, 11.97
-31.37, -3.53, 11.97
-32.1, -3.62, 11.83
-31.43, -3.36, 11.83
-32.17, -3.43, 11.69
-31.51, -3.18, 11.69
-32.25, -3.23, 11.56
-31.58, -2.97, 11.56
-32.37, -2.9, 12.16
-31.71, -2.65, 12.16
-32.3, -3.11, 12.29
-31.63, -2.85, 12.29
-32.23, -3.28, 12.43
-31.56, -3.03, 12.43
-32.17, -3.42, 12.56
-31.51, -3.17, 12.56
-32.13, -3.54, 12.69
-31.47, -3.28, 12.69
-32.1, -3.62, 12.81
-31.43, -3.36, 12.81
-32.08, -3.66, 12.95
-31.42, -3.41, 12.95
-32.08, -3.68, 13.09
-31.41, -3.42, 13.09
-32.09, -3.66, 13.23
-31.42, -3.4, 13.23
-32.11, -3.6, 13.1
-31.44, -3.34, 13.1
-32.14, -3.51, 12.99
-31.48, -3.25, 12.99
-32.19, -3.39, 12.88
-31.52, -3.14, 12.88
-32.24, -3.25, 12.78
-31.57, -3.0, 12.78
-32.28, -3.15, 12.72
-31.61, -2.89, 12.72
-32.32, -3.04, 12.68
-31.66, -2.78, 12.68
-32.36, -2.93, 12.66
-31.7, -2.68, 12.66
-32.4, -2.82, 12.65
-31.74, -2.57, 12.65
-32.44, -2.72, 12.66
-31.78, -2.46, 12.66
-32.48, -2.62, 12.68
-31.82, -2.36, 12.68
-32.52, -2.52, 12.72
-31.85, -2.27, 12.72
-32.55, -2.43, 12.78
-31.89, -2.18, 12.78
-32.59, -2.34, 12.85
-31.92, -2.09, 12.85
-32.62, -2.27, 12.93
-31.95, -2.01, 12.93
-32.64, -2.2, 13.02
-31.98, -1.94, 13.02
-32.67, -2.13, 13.13
-32.0, -1.88, 13.13
-32.7, -2.04, 13.29
-32.04, -1.79, 13.29
-32.72, -1.99, 13.41
-32.06, -1.73, 13.41
-32.74, -1.95, 13.53
-32.07, -1.69, 13.53
-32.75, -1.92, 13.66
-32.08, -1.67, 13.66
-32.75, -1.91, 13.79
-32.09, -1.66, 13.79
-32.75, -1.92, 13.92
-32.08, -1.67, 13.92
-32.74, -1.95, 14.05
-32.07, -1.7, 14.05
-32.72, -2.0, 14.18
-32.05, -1.74, 14.18
-29.8, -7.64, 13.89
-32.06, -1.72, 17.56
-32.59, -0.34, 16.71
-32.59, -0.34, 9.38
-32.06, -1.72, 8.53
-29.8, -7.64, 12.19
-32.39, -2.86, 13.62
-32.38, -2.9, 13.55
-31.72, -2.6, 13.62
-31.71, -2.64, 13.55
-32.36, -2.94, 13.5
-31.69, -2.68, 13.5
-32.34, -2.98, 13.46
-31.68, -2.72, 13.46
-32.33, -3.02, 13.44
-31.66, -2.76, 13.44
-32.32, -3.04, 13.43
-31.66, -2.78, 13.43
-32.31, -3.06, 13.43
-31.65, -2.81, 13.43
-32.3, -3.11, 13.43
-31.63, -2.85, 13.43
-32.28, -3.16, 13.45
-31.61, -2.9, 13.45
-32.25, -3.21, 13.48
-31.59, -2.96, 13.48
-32.23, -3.28, 13.52
-31.57, -3.02, 13.52
-32.21, -3.33, 13.58
-31.55, -3.07, 13.58
-32.19, -3.37, 13.65
-31.53, -3.12, 13.65
-32.18, -3.41, 13.74
-31.52, -3.15, 13.74
-32.23, -3.28, 13.98
-31.56, -3.02, 13.98
-32.25, -3.23, 14.07
-31.58, -2.97, 14.07
-32.27, -3.18, 14.14
-31.6, -2.92, 14.14
-32.29, -3.13, 14.19
-31.62, -2.88, 14.19
-32.3, -3.08, 14.22
-31.64, -2.83, 14.22
-32.31, -3.06, 14.23
-31.65, -2.81, 14.23
-32.32, -3.04, 14.23
-31.66, -2.78, 14.23
-32.33, -3.01, 14.24
-31.67, -2.76, 14.24
-32.34, -2.99, 14.23
-31.68, -2.73, 14.23
-32.36, -2.93, 14.22
-31.7, -2.68, 14.22
-32.39, -2.87, 14.19
-31.72, -2.62, 14.19
-32.41, -2.81, 14.15
-31.74, -2.56, 14.15
-32.42, -2.77, 14.1
-31.76, -2.52, 14.1
-32.43, -2.74, 14.05
-31.77, -2.49, 14.05
-32.44, -2.73, 14.03
-31.77, -2.48, 14.03
-32.44, -2.73, 14.0
-31.77, -2.47, 14.0
-32.44, -2.72, 13.94
-31.78, -2.47, 13.94
-32.44, -2.74, 13.88
-31.77, -2.48, 13.88
-32.43, -2.76, 13.8
-31.76, -2.51, 13.8
-32.41, -2.8, 13.72
-31.75, -2.55, 13.72
-28.57, -1.27, 21.39
-28.41, -0.98, 21.45
-28.31, -1.27, 20.72
-28.15, -0.98, 20.78
-26.35, -2.25, 22.24
-26.09, -2.25, 21.57
-26.5, -2.55, 22.17
-26.25, -2.55, 21.51
-26.46, 0.59, 22.19
-26.32, 0.6, 22.24
-26.21, 0.59, 21.52
-26.07, 0.6, 21.58
-26.18, 0.58, 22.3
-25.93, 0.58, 21.63
-26.04, 0.53, 22.35
-25.78, 0.53, 21.69
-25.89, 0.45, 22.41
-25.63, 0.45, 21.75
-25.79, 0.38, 22.45
-25.53, 0.38, 21.78
-25.7, 0.3, 22.48
-25.44, 0.3, 21.82
-25.62, 0.21, 22.51
-25.37, 0.21, 21.85
-25.56, 0.12, 22.53
-25.31, 0.12, 21.87
-25.52, 0.02, 22.55
-25.27, 0.02, 21.89
-25.49, -0.09, 22.56
-25.23, -0.09, 21.9
-25.47, -0.2, 22.57
-25.22, -0.2, 21.9
-25.47, -0.31, 22.57
-25.22, -0.31, 21.9
-25.49, -0.42, 22.56
-25.23, -0.42, 21.9
-25.51, -0.54, 22.55
-25.26, -0.54, 21.89
-25.55, -0.65, 22.54
-25.3, -0.65, 21.87
-25.61, -0.76, 22.52
-25.35, -0.76, 21.85
-25.69, -0.92, 22.48
-25.44, -0.92, 21.82
-25.76, -1.04, 22.46
-25.51, -1.04, 21.79
-25.84, -1.13, 22.43
-25.59, -1.13, 21.76
-25.93, -1.22, 22.39
-25.68, -1.22, 21.73
-26.03, -1.29, 22.36
-25.78, -1.29, 21.69
-26.14, -1.35, 22.31
-25.89, -1.35, 21.65
-26.26, -1.39, 22.27
-26.0, -1.39, 21.6
-26.38, -1.42, 22.22
-26.13, -1.42, 21.56
-26.52, -1.42, 22.17
-26.27, -1.42, 21.5
-26.66, -1.4, 22.12
-26.41, -1.4, 21.45
-26.81, -1.36, 22.06
-26.55, -1.36, 21.39
-26.96, -1.3, 22.0
-26.7, -1.3, 21.34
-27.11, -1.22, 21.94
-26.86, -1.22, 21.28
-27.22, -1.14, 21.9
-26.97, -1.14, 21.23
-27.33, -1.06, 21.86
-27.07, -1.06, 21.2
-27.42, -0.97, 21.83
-27.16, -0.97, 21.16
-27.49, -0.88, 21.8
-27.24, -0.88, 21.13
-27.56, -0.79, 21.77
-27.31, -0.79, 21.11
-27.62, -0.69, 21.75
-27.36, -0.69, 21.08
-27.66, -0.58, 21.73
-27.4, -0.58, 21.07
-27.69, -0.47, 21.72
-27.44, -0.47, 21.06
-27.71, -0.36, 21.72
-27.45, -0.36, 21.05
-27.72, -0.25, 21.71
-27.46, -0.25, 21.05
-27.71, -0.13, 21.71
-27.46, -0.13, 21.05
-27.7, -0.01, 21.72
-27.44, -0.01, 21.05
-27.67, 0.11, 21.73
-27.41, 0.11, 21.07
-27.63, 0.24, 21.75
-27.37, 0.24, 21.08
-27.58, 0.36, 21.77
-27.32, 0.36, 21.1
-27.51, 0.49, 21.79
-27.26, 0.49, 21.12
-27.4, 0.69, 21.83
-27.15, 0.69, 21.17
-27.31, 0.85, 21.87
-27.05, 0.85, 21.2
-27.2, 1.0, 21.91
-26.95, 1.0, 21.24
-27.09, 1.13, 21.95
-26.83, 1.13, 21.29
-26.96, 1.23, 22.0
-26.71, 1.23, 21.33
-26.83, 1.32, 22.05
-26.58, 1.32, 21.38
-26.7, 1.39, 22.1
-26.44, 1.39, 21.44
-26.55, 1.45, 22.16
-26.29, 1.45, 21.49
-26.39, 1.48, 22.22
-26.14, 1.48, 21.55
-26.23, 1.49, 22.28
-25.98, 1.49, 21.61
-26.07, 1.49, 22.34
-25.81, 1.49, 21.68
-25.9, 1.47, 22.41
-25.64, 1.47, 21.74
-25.72, 1.43, 22.47
-25.47, 1.43, 21.81
-25.54, 1.37, 22.54
-25.28, 1.37, 21.88
-25.35, 1.3, 22.61
-25.1, 1.3, 21.95
-25.16, 1.2, 22.69
-24.91, 1.2, 22.02
-24.97, 1.09, 22.76
-24.71, 1.09, 22.1
-25.29, 0.49, 22.64
-25.04, 0.49, 21.97
-25.48, 0.6, 22.57
-25.23, 0.6, 21.9
-25.66, 0.68, 22.5
-25.41, 0.68, 21.83
-25.82, 0.74, 22.43
-25.57, 0.74, 21.77
-25.98, 0.77, 22.38
-25.72, 0.77, 21.71
-26.11, 0.78, 22.32
-25.86, 0.78, 21.66
-26.24, 0.75, 22.28
-25.99, 0.75, 21.61
-26.36, 0.68, 22.23
-26.1, 0.68, 21.57
-23.07, -3.86, 22.72
-23.07, 4.2, 22.72
-24.44, 5.05, 22.2
-30.97, 1.02, 19.71
-30.97, -0.68, 19.71
-24.44, -4.71, 22.2
-26.36, -0.33, 22.23
-26.33, -0.26, 22.24
-26.11, -0.33, 21.56
-26.08, -0.26, 21.58
-26.31, -0.2, 22.25
-26.05, -0.2, 21.58
-26.3, -0.15, 22.25
-26.04, -0.15, 21.59
-26.3, -0.1, 22.25
-26.04, -0.1, 21.59
-26.3, -0.08, 22.25
-26.05, -0.08, 21.59
-26.31, -0.05, 22.25
-26.06, -0.05, 21.58
-26.34, -0.01, 22.24
-26.08, -0.01, 21.57
-26.38, 0.03, 22.22
-26.12, 0.03, 21.56
-26.43, 0.07, 22.2
-26.18, 0.07, 21.54
-26.5, 0.1, 22.18
-26.24, 0.1, 21.51
-26.57, 0.12, 22.15
-26.32, 0.12, 21.48
-26.65, 0.12, 22.12
-26.4, 0.12, 21.45
-26.74, 0.11, 22.09
-26.48, 0.11, 21.42
-26.87, -0.13, 22.04
-26.61, -0.13, 21.37
-26.91, -0.22, 22.02
-26.66, -0.22, 21.35
-26.94, -0.3, 22.01
-26.69, -0.3, 21.34
-26.96, -0.37, 22.0
-26.71, -0.37, 21.33
-26.96, -0.43, 22.0
-26.71, -0.43, 21.33
-26.96, -0.45, 22.0
-26.71, -0.45, 21.34
-26.95, -0.48, 22.0
-26.7, -0.48, 21.34
-26.94, -0.5, 22.01
-26.69, -0.5, 21.34
-26.93, -0.52, 22.01
-26.67, -0.52, 21.35
-26.89, -0.57, 22.03
-26.63, -0.57, 21.36
-26.83, -0.61, 22.05
-26.58, -0.61, 21.38
-26.77, -0.64, 22.07
-26.51, -0.64, 21.41
-26.71, -0.66, 22.1
-26.46, -0.66, 21.43
-26.66, -0.66, 22.12
-26.4, -0.66, 21.45
-26.63, -0.66, 22.13
-26.38, -0.66, 21.46
-26.61, -0.65, 22.14
-26.35, -0.65, 21.47
-26.56, -0.62, 22.15
-26.31, -0.62, 21.49
-26.51, -0.58, 22.17
-26.26, -0.58, 21.51
-26.47, -0.52, 22.19
-26.21, -0.52, 21.52
-26.42, -0.44, 22.21
-26.17, -0.44, 21.54
-29.06, 6.16, 17.77
-29.2, 5.79, 18.0
-28.65, 5.75, 17.36
-28.79, 5.38, 17.59
-29.7, 5.72, 17.58
-29.28, 5.3, 17.17
-29.1, 7.27, 16.62
-28.69, 6.86, 16.21
-28.61, 7.34, 17.04
-28.2, 6.93, 16.63
-28.78, 6.91, 17.31
-28.36, 6.5, 16.9
-27.72, 7.06, 18.21
-27.31, 6.65, 17.8
-27.72, 7.37, 17.91
-27.31, 6.96, 17.49
-27.2, 7.68, 18.12
-26.79, 7.27, 17.7
-27.09, 6.98, 18.92
-26.68, 6.57, 18.51
-27.3, 6.42, 19.27
-26.89, 6.01, 18.86
-27.71, 5.45, 19.83
-27.71, 5.34, 19.94
-27.3, 5.04, 19.42
-27.3, 4.93, 19.53
-27.73, 5.22, 20.05
-27.32, 4.81, 19.64
-27.76, 5.08, 20.15
-27.35, 4.67, 19.74
-27.81, 4.92, 20.25
-27.4, 4.51, 19.84
-27.86, 4.81, 20.32
-27.45, 4.4, 19.91
-27.92, 4.7, 20.38
-27.5, 4.29, 19.97
-27.97, 4.59, 20.43
-27.56, 4.18, 20.01
-28.04, 4.49, 20.46
-27.63, 4.08, 20.05
-28.11, 4.4, 20.48
-27.69, 3.99, 20.07
-28.18, 4.32, 20.5
-27.77, 3.91, 20.09
-28.26, 4.24, 20.5
-27.85, 3.83, 20.09
-28.34, 4.16, 20.49
-27.93, 3.75, 20.08
-28.43, 4.1, 20.47
-28.02, 3.69, 20.06
-28.52, 4.04, 20.44
-28.11, 3.63, 20.02
-28.61, 3.99, 20.39
-28.2, 3.57, 19.98
-28.71, 3.94, 20.34
-28.3, 3.53, 19.93
-28.81, 3.9, 20.28
-28.4, 3.49, 19.87
-28.92, 3.87, 20.21
-28.5, 3.45, 19.8
-29.02, 3.84, 20.13
-28.61, 3.43, 19.72
-29.14, 3.82, 20.04
-28.73, 3.41, 19.62
-29.31, 3.79, 19.89
-28.9, 3.38, 19.48
-29.46, 3.78, 19.76
-29.05, 3.37, 19.34
-29.59, 3.78, 19.62
-29.18, 3.37, 19.21
-29.71, 3.8, 19.49
-29.3, 3.38, 19.08
-29.81, 3.83, 19.36
-29.4, 3.41, 18.94
-29.9, 3.87, 19.22
-29.49, 3.46, 18.81
-29.97, 3.93, 19.09
-29.56, 3.52, 18.68
-30.03, 4.01, 18.95
-29.62, 3.6, 18.54
-30.07, 4.1, 18.82
-29.66, 3.69, 18.41
-30.1, 4.21, 18.68
-29.69, 3.8, 18.27
-30.12, 4.33, 18.55
-29.7, 3.92, 18.14
-30.12, 4.47, 18.41
-29.7, 4.05, 18.0
-30.1, 4.62, 18.28
-29.69, 4.2, 17.86
-30.07, 4.78, 18.14
-29.66, 4.37, 17.73
-30.03, 4.96, 18.01
-29.61, 4.55, 17.6
-29.97, 5.15, 17.87
-29.55, 4.74, 17.46
-29.89, 5.36, 17.74
-29.48, 4.95, 17.33
-29.37, 5.44, 18.19
-28.96, 5.03, 17.77
-29.44, 5.23, 18.32
-29.03, 4.82, 17.91
-29.49, 5.05, 18.45
-29.08, 4.64, 18.04
-29.53, 4.89, 18.57
-29.12, 4.48, 18.16
-29.54, 4.76, 18.69
-29.13, 4.35, 18.28
-29.53, 4.66, 18.8
-29.12, 4.25, 18.39
-29.5, 4.58, 18.92
-29.09, 4.17, 18.51
-29.44, 4.52, 19.03
-29.03, 4.11, 18.62
-29.35, 4.5, 19.14
-28.94, 4.08, 18.73
-29.37, 4.58, 19.03
-28.96, 4.17, 18.62
-29.37, 4.69, 18.93
-28.96, 4.28, 18.52
-29.35, 4.82, 18.83
-28.93, 4.41, 18.42
-29.3, 4.96, 18.73
-28.89, 4.55, 18.32
-29.25, 5.07, 18.67
-28.84, 4.66, 18.26
-29.2, 5.17, 18.63
-28.79, 4.76, 18.21
-29.14, 5.26, 18.59
-28.73, 4.85, 18.18
-29.07, 5.35, 18.57
-28.65, 4.94, 18.16
-28.99, 5.43, 18.57
-28.58, 5.02, 18.16
-28.91, 5.51, 18.58
-28.5, 5.1, 18.17
-28.82, 5.57, 18.6
-28.41, 5.16, 18.19
-28.73, 5.63, 18.63
-28.32, 5.22, 18.22
-28.64, 5.68, 18.68
-28.23, 5.27, 18.27
-28.54, 5.71, 18.73
-28.13, 5.3, 18.32
-28.45, 5.74, 18.8
-28.04, 5.33, 18.39
-28.35, 5.76, 18.88
-27.94, 5.35, 18.47
-28.21, 5.78, 19.0
-27.8, 5.37, 18.59
-28.11, 5.79, 19.09
-27.7, 5.38, 18.68
-28.02, 5.79, 19.19
-27.61, 5.37, 18.77
-27.94, 5.77, 19.29
-27.53, 5.35, 18.87
-27.87, 5.73, 19.39
-27.46, 5.32, 18.98
-27.81, 5.69, 19.5
-27.4, 5.27, 19.09
-27.76, 5.62, 19.61
-27.35, 5.21, 19.19
-27.73, 5.54, 19.72
-27.32, 5.13, 19.3
-31.72, 1.93, 18.11
-30.87, 1.4, 19.48
-24.95, 5.07, 21.75
-24.42, 6.44, 20.9
-28.08, 8.7, 14.97
-29.46, 7.85, 14.45
-28.61, 5.02, 19.36
-28.67, 5.01, 19.31
-28.2, 4.61, 18.95
-28.26, 4.6, 18.9
-28.72, 5.0, 19.28
-28.31, 4.58, 18.87
-28.77, 4.97, 19.25
-28.35, 4.56, 18.84
-28.81, 4.95, 19.24
-28.39, 4.54, 18.83
-28.82, 4.93, 19.23
-28.41, 4.52, 18.82
-28.84, 4.92, 19.23
-28.43, 4.51, 18.82
-28.87, 4.88, 19.24
-28.46, 4.47, 18.83
-28.9, 4.83, 19.26
-28.49, 4.42, 18.85
-28.92, 4.78, 19.29
-28.51, 4.37, 18.88
-28.94, 4.71, 19.34
-28.53, 4.3, 18.92
-28.95, 4.65, 19.39
-28.54, 4.24, 18.98
-28.94, 4.6, 19.45
-28.53, 4.18, 19.04
-28.92, 4.54, 19.53
-28.51, 4.13, 19.11
-28.72, 4.57, 19.7
-28.3, 4.16, 19.29
-28.64, 4.59, 19.77
-28.22, 4.18, 19.36
-28.57, 4.61, 19.82
-28.16, 4.19, 19.41
-28.51, 4.63, 19.86
-28.1, 4.22, 19.44
-28.46, 4.65, 19.88
-28.05, 4.24, 19.46
-28.44, 4.67, 19.88
-28.03, 4.26, 19.47
-28.42, 4.69, 19.88
-28.01, 4.27, 19.47
-28.4, 4.71, 19.88
-27.99, 4.29, 19.47
-28.39, 4.73, 19.88
-27.98, 4.32, 19.47
-28.36, 4.78, 19.86
-27.95, 4.37, 19.45
-28.33, 4.84, 19.83
-27.92, 4.43, 19.41
-28.31, 4.9, 19.79
-27.9, 4.48, 19.37
-28.3, 4.94, 19.74
-27.89, 4.53, 19.33
-28.31, 4.98, 19.7
-27.9, 4.57, 19.29
-28.31, 5.0, 19.68
-27.9, 4.59, 19.27
-28.32, 5.01, 19.66
-27.91, 4.6, 19.25
-28.35, 5.03, 19.61
-27.94, 4.62, 19.2
-28.39, 5.04, 19.56
-27.98, 4.63, 19.15
-28.45, 5.04, 19.5
-28.04, 4.63, 19.09
-28.52, 5.04, 19.44
-28.11, 4.63, 19.03
-24.7, 9.65, 15.16
-24.55, 9.67, 15.12
-24.7, 8.99, 14.91
-24.55, 9.01, 14.86
-24.39, 9.68, 15.09
-24.39, 9.02, 14.83
-24.22, 9.69, 15.07
-24.22, 9.02, 14.81
-24.04, 9.69, 15.06
-24.04, 9.03, 14.81
-23.84, 9.69, 15.07
-23.84, 9.02, 14.81
-23.66, 9.68, 15.09
-23.66, 9.02, 14.84
-23.5, 9.67, 15.13
-23.5, 9.0, 14.87
-23.35, 9.65, 15.18
-23.35, 8.98, 14.93
-23.22, 9.62, 15.25
-23.22, 8.96, 14.99
-23.09, 9.59, 15.33
-23.09, 8.93, 15.07
-22.98, 9.56, 15.42
-22.98, 8.89, 15.17
-22.87, 9.52, 15.53
-22.87, 8.85, 15.27
-23.35, 9.35, 15.95
-23.35, 8.69, 15.69
-23.49, 9.4, 15.83
-23.49, 8.73, 15.58
-23.64, 9.43, 15.75
-23.64, 8.76, 15.5
-23.8, 9.45, 15.7
-23.8, 8.78, 15.45
-23.97, 9.45, 15.69
-23.97, 8.79, 15.43
-24.06, 9.45, 15.69
-24.06, 8.79, 15.44
-24.14, 9.45, 15.7
-24.14, 8.78, 15.45
-24.21, 9.44, 15.72
-24.21, 8.77, 15.47
-24.27, 9.43, 15.75
-24.27, 8.76, 15.5
-24.32, 9.41, 15.79
-24.32, 8.75, 15.54
-24.34, 9.41, 15.81
-24.34, 8.74, 15.56
-24.36, 9.4, 15.84
-24.36, 8.73, 15.58
-24.38, 9.37, 15.89
-24.38, 8.71, 15.64
-24.38, 9.35, 15.96
-24.38, 8.68, 15.7
-24.38, 9.32, 16.03
-24.38, 8.66, 15.78
-24.37, 9.3, 16.1
-24.37, 8.63, 15.85
-24.36, 9.28, 16.13
-24.36, 8.62, 15.88
-24.35, 9.27, 16.16
-24.35, 8.61, 15.9
-24.33, 9.26, 16.18
-24.33, 8.6, 15.93
-24.31, 9.26, 16.21
-24.31, 8.59, 15.95
-24.25, 9.24, 16.25
-24.25, 8.57, 15.99
-24.18, 9.23, 16.28
-24.18, 8.56, 16.02
-24.09, 9.22, 16.3
-24.09, 8.55, 16.04
-23.98, 9.22, 16.31
-23.98, 8.55, 16.06
-23.86, 9.21, 16.32
-23.86, 8.55, 16.06
-23.67, 9.21, 16.32
-23.67, 8.55, 16.06
-23.67, 9.0, 16.88
-23.67, 8.33, 16.63
-23.86, 9.0, 16.88
-23.86, 8.33, 16.63
-23.96, 9.0, 16.89
-23.96, 8.33, 16.63
-24.05, 8.99, 16.9
-24.05, 8.33, 16.64
-24.12, 8.98, 16.92
-24.12, 8.32, 16.66
-24.18, 8.97, 16.94
-24.18, 8.31, 16.69
-24.23, 8.96, 16.97
-24.23, 8.3, 16.72
-24.25, 8.96, 16.99
-24.25, 8.29, 16.74
-24.27, 8.95, 17.01
-24.27, 8.28, 16.76
-24.28, 8.94, 17.04
-24.28, 8.27, 16.78
-24.29, 8.93, 17.06
-24.29, 8.26, 16.81
-24.29, 8.91, 17.11
-24.29, 8.24, 16.86
-24.29, 8.88, 17.19
-24.29, 8.21, 16.94
-24.29, 8.86, 17.24
-24.29, 8.19, 16.99
-24.27, 8.84, 17.29
-24.27, 8.18, 17.03
-24.25, 8.83, 17.32
-24.25, 8.16, 17.07
-24.21, 8.82, 17.35
-24.21, 8.15, 17.1
-24.16, 8.81, 17.38
-24.16, 8.14, 17.12
-24.11, 8.8, 17.39
-24.11, 8.14, 17.14
-23.98, 8.8, 17.41
-23.98, 8.13, 17.15
-23.83, 8.8, 17.39
-23.83, 8.14, 17.14
-23.69, 8.82, 17.35
-23.69, 8.15, 17.09
-23.54, 8.85, 17.27
-23.54, 8.18, 17.02
-23.38, 8.89, 17.15
-23.38, 8.23, 16.9
-22.94, 8.74, 17.56
-22.94, 8.07, 17.3
-23.06, 8.7, 17.66
-23.06, 8.03, 17.41
-23.18, 8.67, 17.75
-23.18, 8.0, 17.49
-23.31, 8.64, 17.82
-23.31, 7.97, 17.57
-23.44, 8.61, 17.89
-23.44, 7.95, 17.63
-23.58, 8.59, 17.94
-23.58, 7.93, 17.68
-23.74, 8.58, 17.97
-23.74, 7.92, 17.72
-23.91, 8.57, 17.99
-23.91, 7.91, 17.74
-24.11, 8.57, 18.0
-24.11, 7.9, 17.75
-24.26, 8.57, 17.99
-24.26, 7.91, 17.74
-24.4, 8.58, 17.98
-24.4, 7.91, 17.72
-24.54, 8.59, 17.95
-24.54, 7.92, 17.69
-24.67, 8.61, 17.91
-24.67, 7.94, 17.65
-24.79, 8.62, 17.86
-24.79, 7.96, 17.6
-24.89, 8.65, 17.8
-24.89, 7.98, 17.55
-24.98, 8.67, 17.73
-24.98, 8.01, 17.48
-25.06, 8.7, 17.66
-25.06, 8.03, 17.41
-25.12, 8.73, 17.58
-25.12, 8.07, 17.33
-25.17, 8.76, 17.5
-25.17, 8.1, 17.24
-25.19, 8.8, 17.41
-25.19, 8.13, 17.15
-25.2, 8.83, 17.32
-25.2, 8.17, 17.06
-25.2, 8.89, 17.15
-25.2, 8.23, 16.9
-25.19, 8.93, 17.07
-25.19, 8.26, 16.81
-25.16, 8.96, 16.99
-25.16, 8.29, 16.73
-25.11, 8.99, 16.91
-25.11, 8.32, 16.65
-25.04, 9.02, 16.83
-25.04, 8.35, 16.58
-24.96, 9.04, 16.77
-24.96, 8.38, 16.51
-24.86, 9.06, 16.71
-24.86, 8.4, 16.46
-24.75, 9.08, 16.67
-24.75, 8.41, 16.42
-24.63, 9.09, 16.64
-24.63, 8.43, 16.38
-24.77, 9.1, 16.61
-24.77, 8.44, 16.35
-24.9, 9.12, 16.57
-24.9, 8.45, 16.31
-25.01, 9.14, 16.51
-25.01, 8.47, 16.26
-25.12, 9.16, 16.45
-25.12, 8.5, 16.19
-25.2, 9.19, 16.37
-25.2, 8.53, 16.11
-25.26, 9.23, 16.27
-25.26, 8.56, 16.02
-25.3, 9.27, 16.16
-25.3, 8.61, 15.91
-25.31, 9.32, 16.04
-25.31, 8.65, 15.79
-25.31, 9.4, 15.84
-25.31, 8.73, 15.59
-25.3, 9.44, 15.73
-25.3, 8.77, 15.48
-25.27, 9.48, 15.63
-25.27, 8.81, 15.37
-25.22, 9.51, 15.53
-25.22, 8.85, 15.28
-25.15, 9.55, 15.44
-25.15, 8.88, 15.19
-25.06, 9.58, 15.36
-25.06, 8.91, 15.1
-24.95, 9.61, 15.28
-24.95, 8.94, 15.03
-24.83, 9.63, 15.22
-24.83, 8.97, 14.96
-22.29, 9.43, 15.75
-22.75, 9.43, 15.75
-22.29, 8.76, 15.49
-22.75, 8.76, 15.49
-22.75, 9.66, 15.14
-22.75, 9.0, 14.89
-20.83, 9.66, 15.14
-20.83, 9.0, 14.89
-20.83, 9.43, 15.75
-20.83, 8.76, 15.49
-21.36, 9.43, 15.75
-21.41, 8.76, 15.49
-21.36, 8.93, 17.06
-21.41, 8.26, 16.8
-20.97, 8.99, 16.9
-20.97, 8.32, 16.65
-20.66, 8.79, 17.43
-20.66, 8.12, 17.17
-21.59, 8.6, 17.92
-21.59, 7.94, 17.67
-22.29, 8.6, 17.92
-22.29, 7.94, 17.67
-23.87, 6.78, 20.69
-22.17, 6.78, 20.69
-18.51, 9.05, 14.76
-19.36, 9.57, 13.38
-26.68, 9.57, 13.38
-27.53, 9.05, 14.76
-16.44, 5.93, 17.46
-16.36, 5.81, 17.51
-16.85, 5.52, 17.05
-16.77, 5.4, 17.09
-16.28, 5.68, 17.56
-16.69, 5.26, 17.15
-16.22, 5.54, 17.64
-16.62, 5.12, 17.22
-16.16, 5.39, 17.72
-16.56, 4.98, 17.31
-16.1, 5.23, 17.83
-16.51, 4.82, 17.41
-16.06, 5.09, 17.93
-16.47, 4.68, 17.52
-16.04, 4.96, 18.04
-16.45, 4.55, 17.62
-16.04, 4.85, 18.15
-16.45, 4.44, 17.73
-16.05, 4.75, 18.26
-16.46, 4.33, 17.85
-16.08, 4.65, 18.38
-16.49, 4.24, 17.96
-16.12, 4.57, 18.5
-16.52, 4.16, 18.09
-16.17, 4.5, 18.63
-16.58, 4.09, 18.21
-16.66, 4.94, 18.68
-17.07, 4.53, 18.26
-16.61, 5.04, 18.53
-17.02, 4.63, 18.11
-16.59, 5.15, 18.4
-17.0, 4.74, 17.98
-16.6, 5.27, 18.28
-17.01, 4.86, 17.87
-16.64, 5.41, 18.19
-17.05, 5.0, 17.77
-16.67, 5.48, 18.14
-17.08, 5.07, 17.73
-16.71, 5.55, 18.11
-17.11, 5.14, 17.7
-16.74, 5.61, 18.09
-17.15, 5.2, 17.68
-16.79, 5.66, 18.08
-17.2, 5.25, 17.67
-16.83, 5.7, 18.08
-17.24, 5.29, 17.67
-16.86, 5.72, 18.09
-17.26, 5.31, 17.68
-16.88, 5.74, 18.1
-17.29, 5.33, 17.68
-16.93, 5.76, 18.13
-17.34, 5.35, 17.71
-16.99, 5.77, 18.17
-17.4, 5.36, 17.75
-17.05, 5.78, 18.22
-17.46, 5.37, 17.81
-17.1, 5.78, 18.27
-17.51, 5.37, 17.86
-17.12, 5.78, 18.3
-17.53, 5.37, 17.88
-17.14, 5.77, 18.32
-17.55, 5.36, 17.91
-17.15, 5.76, 18.35
-17.56, 5.35, 17.94
-17.16, 5.74, 18.38
-17.57, 5.33, 17.96
-17.18, 5.7, 18.43
-17.59, 5.29, 18.02
-17.18, 5.65, 18.49
-17.59, 5.23, 18.08
-17.17, 5.58, 18.55
-17.58, 5.16, 18.14
-17.15, 5.49, 18.61
-17.56, 5.08, 18.2
-17.11, 5.39, 18.68
-17.52, 4.98, 18.26
-17.06, 5.24, 18.77
-17.47, 4.83, 18.36
-17.52, 5.31, 19.16
-17.92, 4.9, 18.75
-17.57, 5.46, 19.07
-17.98, 5.05, 18.66
-17.61, 5.54, 19.02
-18.02, 5.13, 18.61
-17.93, 5.33, 18.69
-18.05, 5.2, 18.57
-17.68, 5.68, 18.96
-18.09, 5.27, 18.55
-17.72, 5.73, 18.95
-18.13, 5.32, 18.53
-17.76, 5.77, 18.95
-18.17, 5.36, 18.53
-17.78, 5.79, 18.95
-18.19, 5.38, 18.54
-17.8, 5.8, 18.96
-18.21, 5.39, 18.54
-17.83, 5.82, 18.97
-18.23, 5.41, 18.55
-17.85, 5.83, 18.98
-18.26, 5.41, 18.56
-17.89, 5.84, 19.01
-18.3, 5.43, 18.6
-17.96, 5.85, 19.07
-18.37, 5.44, 18.65
-18.0, 5.85, 19.1
-18.4, 5.44, 18.69
-18.03, 5.84, 19.14
-18.43, 5.43, 18.73
-18.05, 5.82, 19.18
-18.46, 5.41, 18.76
-18.06, 5.8, 19.22
-18.47, 5.39, 18.8
-18.07, 5.77, 19.26
-18.48, 5.35, 18.84
-18.06, 5.72, 19.3
-18.47, 5.31, 18.88
-18.03, 5.62, 19.37
-18.44, 5.21, 18.96
-17.98, 5.5, 19.44
-18.39, 5.09, 19.02
-17.9, 5.37, 19.48
-18.3, 4.96, 19.06
-17.79, 5.25, 19.5
-18.2, 4.83, 19.08
-17.65, 5.11, 19.49
-18.05, 4.7, 19.08
-17.84, 4.8, 20.0
-18.24, 4.39, 19.58
-17.95, 4.91, 20.01
-18.36, 4.49, 19.59
-18.06, 5.01, 20.01
-18.47, 4.6, 19.59
-18.16, 5.13, 19.99
-18.57, 4.71, 19.58
-18.26, 5.24, 19.97
-18.66, 4.83, 19.56
-18.34, 5.36, 19.94
-18.75, 4.95, 19.52
-18.42, 5.49, 19.88
-18.82, 5.08, 19.47
-18.49, 5.63, 19.81
-18.9, 5.22, 19.39
-18.55, 5.79, 19.72
-18.96, 5.38, 19.3
-18.6, 5.91, 19.64
-19.0, 5.5, 19.22
-18.63, 6.03, 19.55
-19.03, 5.62, 19.14
-18.64, 6.13, 19.47
-19.05, 5.72, 19.05
-18.65, 6.23, 19.37
-19.06, 5.82, 18.96
-18.65, 6.32, 19.28
-19.06, 5.91, 18.87
-18.63, 6.4, 19.19
-19.04, 5.99, 18.77
-18.61, 6.47, 19.1
-19.02, 6.06, 18.68
-18.57, 6.52, 19.01
-18.98, 6.11, 18.59
-18.53, 6.56, 18.92
-18.94, 6.15, 18.5
-18.47, 6.59, 18.84
-18.88, 6.18, 18.42
-18.41, 6.6, 18.76
-18.82, 6.19, 18.35
-18.34, 6.6, 18.7
-18.75, 6.19, 18.28
-18.21, 6.58, 18.58
-18.62, 6.17, 18.17
-18.14, 6.56, 18.53
-18.54, 6.15, 18.12
-18.06, 6.53, 18.49
-18.47, 6.12, 18.07
-17.98, 6.48, 18.46
-18.39, 6.07, 18.05
-17.9, 6.41, 18.44
-18.31, 6.0, 18.03
-17.82, 6.33, 18.44
-18.23, 5.92, 18.03
-17.75, 6.25, 18.45
-18.15, 5.84, 18.04
-17.68, 6.16, 18.47
-18.08, 5.75, 18.06
-17.61, 6.06, 18.51
-18.02, 5.65, 18.1
-17.63, 6.17, 18.42
-18.04, 5.75, 18.01
-17.64, 6.26, 18.33
-18.05, 5.85, 17.92
-17.63, 6.35, 18.24
-18.04, 5.94, 17.82
-17.61, 6.42, 18.14
-18.02, 6.01, 17.72
-17.57, 6.48, 18.04
-17.98, 6.07, 17.63
-17.51, 6.52, 17.95
-17.92, 6.11, 17.53
-17.44, 6.54, 17.85
-17.84, 6.13, 17.44
-17.34, 6.53, 17.76
-17.75, 6.12, 17.35
-17.18, 6.51, 17.62
-17.59, 6.1, 17.21
-17.09, 6.49, 17.55
-17.49, 6.08, 17.14
-16.99, 6.45, 17.5
-17.4, 6.04, 17.08
-16.9, 6.4, 17.46
-17.31, 5.99, 17.04
-16.8, 6.33, 17.43
-17.21, 5.92, 17.01
-16.71, 6.25, 17.42
-17.12, 5.84, 17.0
-16.62, 6.16, 17.42
-17.03, 5.75, 17.0
-16.53, 6.05, 17.43
-16.94, 5.64, 17.02
-21.61, 6.44, 20.89
-21.09, 5.07, 21.74
-15.16, 1.4, 19.48
-14.31, 1.93, 18.1
-16.57, 7.85, 14.44
-17.95, 8.7, 14.97
-18.44, 2.39, 21.76
-18.14, 1.83, 21.64
-18.69, 2.39, 21.09
-18.39, 1.83, 20.98
-17.82, -0.66, 21.52
-18.08, -0.66, 20.86
-18.63, -1.16, 21.83
-18.89, -1.16, 21.17
-18.89, 1.32, 21.93
-19.15, 1.32, 21.26
-19.92, 0.69, 22.32
-20.17, 0.69, 21.66
-20.24, 1.28, 22.45
-20.49, 1.28, 21.78
-19.62, -1.02, 22.21
-19.25, -0.79, 22.07
-19.88, -1.02, 21.54
-19.5, -0.79, 21.4
-18.95, -1.36, 21.95
-19.2, -1.36, 21.29
-20.5, -2.32, 22.54
-20.75, -2.32, 21.88
-20.8, -1.75, 22.66
-21.06, -1.75, 22.0
-20.37, -1.49, 22.5
-20.62, -1.49, 21.83
-21.02, -0.27, 22.75
-21.28, -0.27, 22.08
-21.27, -0.61, 22.84
-21.52, -0.61, 22.17
-21.78, -0.28, 23.03
-22.03, -0.28, 22.37
-21.27, 0.64, 22.84
-21.52, 0.64, 22.17
-20.71, 0.99, 22.63
-20.96, 0.99, 21.96
-15.37, 0.85, 19.82
-21.3, 4.51, 22.09
-22.68, 3.66, 22.61
-22.68, -3.66, 22.61
-21.3, -4.51, 22.09
-15.37, -0.85, 19.82
-23.67, -9.27, 16.17
-24.07, -9.37, 15.92
-23.67, -8.61, 15.92
-24.07, -8.7, 15.67
-24.15, -9.39, 15.87
-24.15, -8.72, 15.62
-24.21, -9.41, 15.82
-24.21, -8.74, 15.57
-24.27, -9.42, 15.78
-24.27, -8.76, 15.53
-24.31, -9.44, 15.74
-24.31, -8.77, 15.49
-24.34, -9.45, 15.71
-24.34, -8.78, 15.46
-24.36, -9.46, 15.67
-24.36, -8.8, 15.42
-24.37, -9.48, 15.63
-24.37, -8.81, 15.38
-24.38, -9.49, 15.59
-24.38, -8.83, 15.34
-23.14, -9.49, 15.59
-23.14, -8.83, 15.34
-23.14, -9.74, 14.95
-23.14, -9.08, 14.69
-25.31, -9.74, 14.95
-25.31, -9.08, 14.69
-25.31, -9.58, 15.38
-25.31, -8.91, 15.12
-25.3, -9.51, 15.55
-25.3, -8.85, 15.29
-25.28, -9.45, 15.7
-25.28, -8.79, 15.44
-25.23, -9.4, 15.84
-25.23, -8.74, 15.58
-25.17, -9.36, 15.96
-25.17, -8.69, 15.7
-25.09, -9.31, 16.07
-25.09, -8.65, 15.81
-24.99, -9.27, 16.17
-24.99, -8.61, 15.92
-24.88, -9.24, 16.26
-24.88, -8.57, 16.01
-24.75, -9.21, 16.35
-24.75, -8.54, 16.1
-24.34, -9.11, 16.61
-24.34, -8.44, 16.35
-24.26, -9.09, 16.66
-24.26, -8.42, 16.41
-24.19, -9.07, 16.71
-24.19, -8.4, 16.45
-24.14, -9.05, 16.75
-24.14, -8.39, 16.49
-24.1, -9.04, 16.78
-24.1, -8.38, 16.53
-24.08, -9.03, 16.81
-24.08, -8.36, 16.56
-24.06, -9.02, 16.85
-24.06, -8.35, 16.59
-24.05, -9.0, 16.88
-24.05, -8.34, 16.63
-24.05, -8.99, 16.92
-24.05, -8.32, 16.67
-24.05, -8.97, 16.97
-24.05, -8.3, 16.71
-24.05, -8.95, 17.01
-24.05, -8.29, 16.75
-24.07, -8.94, 17.05
-24.07, -8.27, 16.79
-24.1, -8.93, 17.08
-24.1, -8.26, 16.82
-24.13, -8.92, 17.11
-24.13, -8.25, 16.85
-24.18, -8.91, 17.13
-24.18, -8.24, 16.88
-24.23, -8.9, 17.15
-24.23, -8.24, 16.89
-24.36, -8.9, 17.16
-24.36, -8.23, 16.91
-24.54, -8.9, 17.15
-24.54, -8.24, 16.89
-24.7, -8.92, 17.11
-24.7, -8.25, 16.85
-24.85, -8.94, 17.04
-24.85, -8.28, 16.79
-25.01, -8.98, 16.95
-25.01, -8.31, 16.69
-25.38, -8.78, 17.46
-25.38, -8.12, 17.2
-25.13, -8.73, 17.61
-25.13, -8.06, 17.35
-24.87, -8.68, 17.72
-24.87, -8.02, 17.46
-24.73, -8.67, 17.75
-24.73, -8.0, 17.5
-24.58, -8.66, 17.78
-24.58, -7.99, 17.53
-24.42, -8.65, 17.8
-24.42, -7.99, 17.55
-24.25, -8.65, 17.8
-24.25, -7.98, 17.55
-24.08, -8.65, 17.8
-24.08, -7.99, 17.54
-23.92, -8.66, 17.78
-23.92, -7.99, 17.53
-23.78, -8.67, 17.75
-23.78, -8.01, 17.5
-23.65, -8.69, 17.71
-23.65, -8.02, 17.45
-23.53, -8.71, 17.65
-23.53, -8.04, 17.4
-23.42, -8.73, 17.59
-23.42, -8.07, 17.34
-23.33, -8.76, 17.52
-23.33, -8.09, 17.27
-23.26, -8.79, 17.44
-23.26, -8.12, 17.18
-23.2, -8.82, 17.35
-23.2, -8.16, 17.09
-23.16, -8.86, 17.25
-23.16, -8.2, 17.0
-23.14, -8.9, 17.15
-23.14, -8.24, 16.89
-23.13, -8.94, 17.04
-23.13, -8.28, 16.78
-23.13, -9.0, 16.89
-23.13, -8.33, 16.63
-23.13, -9.04, 16.78
-23.13, -8.38, 16.52
-23.16, -9.08, 16.68
-23.16, -8.41, 16.42
-23.2, -9.12, 16.59
-23.2, -8.45, 16.33
-23.25, -9.15, 16.5
-23.25, -8.48, 16.25
-23.33, -9.18, 16.43
-23.33, -8.51, 16.17
-23.42, -9.21, 16.34
-23.42, -8.54, 16.09
-23.53, -9.24, 16.26
-23.53, -8.57, 16.01
-20.69, -9.67, 15.14
-20.77, -9.69, 15.08
-20.69, -9.0, 14.89
-20.77, -9.03, 14.82
-20.86, -9.71, 15.02
-20.86, -9.05, 14.77
-20.96, -9.73, 14.97
-20.96, -9.07, 14.72
-21.07, -9.75, 14.94
-21.07, -9.08, 14.68
-21.19, -9.76, 14.91
-21.19, -9.09, 14.65
-21.31, -9.77, 14.88
-21.31, -9.1, 14.63
-21.45, -9.77, 14.87
-21.45, -9.11, 14.62
-21.59, -9.77, 14.87
-21.59, -9.11, 14.61
-21.73, -9.77, 14.87
-21.73, -9.11, 14.62
-21.87, -9.77, 14.88
-21.87, -9.1, 14.63
-21.99, -9.76, 14.91
-21.99, -9.09, 14.65
-22.11, -9.75, 14.94
-22.11, -9.08, 14.68
-22.22, -9.73, 14.97
-22.22, -9.07, 14.72
-22.32, -9.71, 15.02
-22.32, -9.05, 14.77
-22.41, -9.69, 15.08
-22.41, -9.03, 14.82
-22.49, -9.67, 15.14
-22.49, -9.0, 14.89
-22.57, -9.64, 15.21
-22.57, -8.97, 14.96
-22.63, -9.61, 15.29
-22.63, -8.94, 15.04
-22.68, -9.58, 15.38
-22.68, -8.91, 15.12
-22.73, -9.54, 15.47
-22.73, -8.88, 15.21
-22.76, -9.51, 15.56
-22.76, -8.84, 15.31
-22.79, -9.47, 15.67
-22.79, -8.8, 15.41
-22.8, -9.43, 15.78
-22.8, -8.76, 15.52
-22.81, -9.38, 15.89
-22.81, -8.72, 15.64
-22.81, -9.04, 16.78
-22.81, -8.38, 16.53
-22.8, -9.0, 16.9
-22.8, -8.33, 16.64
-22.79, -8.96, 17.0
-22.79, -8.29, 16.75
-22.76, -8.92, 17.11
-22.76, -8.25, 16.85
-22.73, -8.88, 17.2
-22.73, -8.21, 16.95
-22.68, -8.85, 17.29
-22.68, -8.18, 17.04
-22.63, -8.81, 17.38
-22.63, -8.15, 17.12
-22.57, -8.78, 17.46
-22.57, -8.12, 17.2
-22.49, -8.76, 17.53
-22.49, -8.09, 17.27
-22.41, -8.73, 17.59
-22.41, -8.07, 17.34
-22.32, -8.71, 17.65
-22.32, -8.04, 17.4
-22.22, -8.69, 17.7
-22.22, -8.03, 17.44
-22.11, -8.68, 17.74
-22.11, -8.01, 17.48
-21.99, -8.67, 17.77
-21.99, -8.0, 17.51
-21.87, -8.66, 17.79
-21.87, -7.99, 17.53
-21.73, -8.65, 17.8
-21.73, -7.99, 17.55
-21.59, -8.65, 17.8
-21.59, -7.98, 17.55
-21.45, -8.65, 17.8
-21.45, -7.99, 17.55
-21.31, -8.66, 17.79
-21.31, -7.99, 17.53
-21.19, -8.66, 17.77
-21.19, -8.0, 17.51
-21.07, -8.68, 17.74
-21.07, -8.01, 17.48
-20.96, -8.69, 17.7
-20.96, -8.03, 17.44
-20.86, -8.71, 17.65
-20.86, -8.04, 17.4
-20.77, -8.73, 17.6
-20.77, -8.06, 17.34
-20.69, -8.75, 17.53
-20.69, -8.09, 17.28
-20.62, -8.78, 17.46
-20.62, -8.12, 17.21
-20.56, -8.81, 17.38
-20.56, -8.15, 17.13
-20.51, -8.84, 17.3
-20.51, -8.18, 17.04
-20.47, -8.88, 17.21
-20.47, -8.21, 16.95
-20.43, -8.92, 17.11
-20.43, -8.25, 16.86
-20.41, -8.96, 17.01
-20.41, -8.29, 16.75
-20.39, -9.0, 16.9
-20.39, -8.33, 16.64
-20.39, -9.04, 16.78
-20.39, -8.38, 16.53
-20.39, -9.38, 15.89
-20.39, -8.72, 15.64
-20.39, -9.43, 15.78
-20.39, -8.76, 15.52
-20.41, -9.47, 15.67
-20.41, -8.8, 15.41
-20.43, -9.51, 15.56
-20.43, -8.84, 15.31
-20.47, -9.54, 15.47
-20.47, -8.88, 15.21
-20.51, -9.58, 15.37
-20.51, -8.91, 15.12
-20.56, -9.61, 15.29
-20.56, -8.95, 15.04
-20.62, -9.64, 15.21
-20.62, -8.97, 14.96
-22.17, -6.78, 20.69
-23.87, -6.78, 20.69
-27.53, -9.05, 14.76
-26.68, -9.57, 13.38
-19.36, -9.57, 13.38
-18.51, -9.05, 14.76
-21.59, -9.53, 15.5
-21.52, -9.53, 15.5
-21.59, -8.87, 15.24
-21.52, -8.86, 15.25
-21.47, -9.52, 15.52
-21.47, -8.86, 15.27
-21.44, -9.52, 15.53
-21.44, -8.85, 15.28
-21.42, -9.51, 15.55
-21.42, -8.85, 15.29
-21.4, -9.51, 15.57
-21.4, -8.84, 15.31
-21.38, -9.5, 15.59
-21.38, -8.83, 15.33
-21.36, -9.48, 15.64
-21.36, -8.81, 15.38
-21.34, -9.45, 15.71
-21.34, -8.79, 15.45
-21.32, -9.42, 15.79
-21.32, -8.75, 15.54
-21.32, -9.38, 15.9
-21.32, -8.71, 15.64
-21.32, -9.04, 16.78
-21.32, -8.38, 16.53
-21.32, -9.0, 16.89
-21.32, -8.34, 16.63
-21.34, -8.97, 16.98
-21.34, -8.3, 16.72
-21.36, -8.94, 17.05
-21.36, -8.27, 16.79
-21.38, -8.92, 17.1
-21.38, -8.25, 16.85
-21.4, -8.91, 17.12
-21.4, -8.24, 16.87
-21.42, -8.9, 17.14
-21.42, -8.24, 16.89
-21.44, -8.9, 17.16
-21.44, -8.23, 16.9
-21.47, -8.89, 17.17
-21.47, -8.23, 16.92
-21.53, -8.89, 17.19
-21.53, -8.22, 16.93
-21.59, -8.88, 17.19
-21.59, -8.22, 16.94
-21.66, -8.89, 17.19
-21.66, -8.22, 16.93
-21.72, -8.89, 17.17
-21.72, -8.23, 16.92
-21.75, -8.9, 17.16
-21.75, -8.23, 16.9
-21.77, -8.9, 17.14
-21.77, -8.24, 16.89
-21.8, -8.91, 17.12
-21.8, -8.24, 16.87
-21.81, -8.92, 17.1
-21.81, -8.25, 16.85
-21.84, -8.94, 17.05
-21.84, -8.27, 16.79
-21.86, -8.97, 16.98
-21.86, -8.3, 16.72
-21.88, -9.0, 16.89
-21.88, -8.34, 16.63
-21.88, -9.04, 16.78
-21.88, -8.38, 16.53
-21.88, -9.38, 15.9
-21.88, -8.71, 15.64
-21.88, -9.42, 15.8
-21.88, -8.75, 15.54
-21.86, -9.45, 15.71
-21.86, -8.78, 15.46
-21.84, -9.48, 15.64
-21.84, -8.81, 15.39
-21.81, -9.5, 15.59
-21.81, -8.83, 15.33
-21.8, -9.51, 15.57
-21.8, -8.84, 15.31
-21.77, -9.51, 15.55
-21.77, -8.85, 15.29
-21.75, -9.52, 15.53
-21.75, -8.85, 15.28
-21.72, -9.52, 15.52
-21.72, -8.86, 15.27
-21.66, -9.53, 15.5
-21.66, -8.86, 15.25
