2266
6.96, 7.1, 15.67
6.96, 6.96, 15.68
7.08, 7.01, 15.67
7.1, 6.96, 15.67
7.19, 7.06, 15.63
7.24, 6.96, 15.63
7.31, 7.08, 15.58
7.36, 6.96, 15.56
7.41, 7.1, 15.5
7.47, 6.96, 15.47
7.5, 7.1, 15.41
7.56, 6.96, 15.36
7.58, 7.08, 15.31
7.63, 6.96, 15.24
7.63, 7.06, 15.19
7.67, 6.96, 15.1
7.67, 7.01, 15.08
7.68, 6.96, 14.96
7.67, 7.1, 14.96
7.65, 7.14, 15.02
7.63, 7.24, 14.96
7.61, 7.27, 14.97
7.56, 7.36, 14.96
7.57, 7.31, 15.09
7.51, 7.42, 15.03
7.51, 7.34, 15.22
7.45, 7.45, 15.16
7.43, 7.36, 15.33
7.37, 7.47, 15.27
7.33, 7.36, 15.43
7.27, 7.47, 15.37
7.22, 7.34, 15.51
7.16, 7.45, 15.45
7.09, 7.31, 15.57
7.03, 7.42, 15.51
6.96, 7.36, 15.56
6.96, 7.47, 15.47
6.97, 7.51, 15.42
6.96, 7.56, 15.36
7.09, 7.54, 15.36
7.01, 7.61, 15.27
7.11, 7.62, 15.2
6.96, 7.63, 15.24
7.02, 7.66, 15.09
6.96, 7.67, 15.1
6.96, 7.68, 14.96
7.09, 7.66, 15.02
7.1, 7.67, 14.96
7.24, 7.63, 14.96
7.26, 7.61, 15.01
7.36, 7.56, 14.96
7.36, 7.54, 15.09
7.42, 7.51, 14.97
7.47, 7.47, 14.96
6.96, 7.27, 15.61
6.96, 7.24, 15.63
7.02, 7.14, 15.65
7.15, 7.19, 15.62
7.27, 7.22, 15.56
7.38, 7.23, 15.48
7.48, 7.23, 15.38
7.56, 7.22, 15.27
7.62, 7.19, 15.15
7.19, 7.56, 15.29
7.29, 7.56, 15.19
7.2, 7.62, 15.11
7.1, 6.96, 0.33
6.96, 6.96, 0.32
7.08, 7.01, 0.33
6.96, 7.1, 0.33
7.02, 7.14, 0.35
6.96, 7.24, 0.38
6.96, 7.27, 0.39
6.96, 7.36, 0.44
7.09, 7.31, 0.43
7.03, 7.42, 0.49
7.22, 7.34, 0.49
7.16, 7.45, 0.55
7.33, 7.36, 0.57
7.27, 7.47, 0.63
7.43, 7.36, 0.67
7.37, 7.47, 0.73
7.51, 7.34, 0.78
7.45, 7.45, 0.84
7.57, 7.31, 0.91
7.51, 7.42, 0.97
7.56, 7.36, 1.04
7.47, 7.47, 1.04
7.42, 7.51, 1.03
7.36, 7.56, 1.04
7.36, 7.54, 0.91
7.26, 7.61, 0.99
7.2, 7.62, 0.89
7.24, 7.63, 1.04
7.09, 7.66, 0.98
7.1, 7.67, 1.04
6.96, 7.68, 1.04
7.02, 7.66, 0.91
6.96, 7.67, 0.9
6.96, 7.63, 0.76
7.01, 7.61, 0.74
6.96, 7.56, 0.64
7.09, 7.54, 0.64
6.97, 7.51, 0.58
6.96, 7.47, 0.53
7.61, 7.27, 1.04
7.63, 7.24, 1.04
7.65, 7.14, 0.98
7.67, 7.1, 1.04
7.67, 7.01, 0.92
7.68, 6.96, 1.04
7.67, 6.96, 0.9
7.63, 7.06, 0.81
7.63, 6.96, 0.76
7.58, 7.08, 0.69
7.56, 6.96, 0.64
7.5, 7.1, 0.59
7.47, 6.96, 0.53
7.41, 7.1, 0.5
7.36, 6.96, 0.44
7.31, 7.08, 0.42
7.24, 6.96, 0.38
7.19, 7.06, 0.37
7.15, 7.19, 0.38
7.27, 7.22, 0.44
7.38, 7.23, 0.52
7.48, 7.23, 0.62
7.56, 7.22, 0.73
7.62, 7.19, 0.85
7.19, 7.56, 0.71
7.11, 7.62, 0.8
7.29, 7.56, 0.81
7.67, 7.1, 3.82
7.67, 7.1, 6.61
7.67, 7.1, 9.39
7.63, 7.24, 9.39
7.63, 7.24, 12.18
7.56, 7.36, 12.18
7.47, 7.47, 12.18
7.36, 7.56, 12.18
7.24, 7.63, 12.18
7.1, 7.67, 12.18
7.1, 7.67, 9.39
7.1, 7.67, 6.61
7.24, 7.63, 6.61
7.24, 7.63, 3.82
7.36, 7.56, 3.82
7.47, 7.47, 3.82
7.56, 7.36, 3.82
7.63, 7.24, 3.82
7.1, 7.67, 3.82
7.67, 7.1, 12.18
7.63, 7.24, 6.61
7.56, 7.36, 6.61
7.47, 7.47, 6.61
7.36, 7.56, 6.61
7.56, 7.36, 9.39
7.47, 7.47, 9.39
7.36, 7.56, 9.39
7.24, 7.63, 9.39
-6.96, 7.1, 15.67
-7.02, 7.09, 15.67
-6.96, 6.96, 15.68
-7.09, 7.02, 15.67
-7.1, 6.96, 15.67
-7.24, 6.96, 15.63
-7.26, 7.01, 15.61
-7.36, 6.96, 15.56
-7.36, 7.09, 15.54
-7.42, 6.97, 15.51
-7.45, 7.16, 15.45
-7.51, 7.03, 15.42
-7.51, 7.22, 15.34
-7.57, 7.09, 15.31
-7.56, 7.27, 15.22
-7.62, 7.15, 15.19
-7.58, 7.31, 15.08
-7.63, 7.19, 15.06
-7.63, 7.24, 14.96
-7.67, 7.1, 14.96
-6.96, 7.24, 15.63
-7.11, 7.2, 15.62
-7.2, 7.11, 15.62
-7.29, 7.19, 15.56
-7.37, 7.27, 15.47
-7.43, 7.33, 15.36
-7.48, 7.38, 15.23
-7.5, 7.41, 15.1
-7.56, 7.36, 14.96
-7.01, 7.26, 15.61
-6.96, 7.36, 15.56
-7.09, 7.36, 15.54
-6.97, 7.42, 15.51
-7.03, 7.51, 15.42
-6.96, 7.47, 15.47
-6.96, 7.56, 15.36
-6.96, 7.63, 15.24
-6.96, 7.61, 15.27
-7.09, 7.57, 15.31
-7.16, 7.45, 15.45
-7.19, 7.29, 15.56
-7.02, 7.65, 15.14
-6.96, 7.67, 15.1
-7.08, 7.67, 15.01
-6.96, 7.68, 14.96
-7.1, 7.67, 14.96
-7.19, 7.63, 15.06
-7.24, 7.63, 14.96
-7.31, 7.58, 15.08
-7.36, 7.56, 14.96
-7.41, 7.5, 15.1
-7.47, 7.47, 14.96
-7.67, 7.08, 15.01
-7.68, 6.96, 14.96
-7.67, 6.96, 15.1
-7.65, 7.02, 15.14
-7.63, 6.96, 15.24
-7.61, 6.96, 15.27
-7.56, 6.96, 15.36
-7.47, 6.96, 15.47
-7.38, 7.48, 15.23
-7.27, 7.56, 15.22
-7.15, 7.62, 15.19
-7.33, 7.43, 15.36
-7.22, 7.51, 15.34
-7.27, 7.37, 15.47
7.1, -6.96, 15.67
6.96, -6.96, 15.68
7.01, -7.08, 15.67
6.96, -7.1, 15.67
7.06, -7.19, 15.63
6.96, -7.24, 15.63
7.08, -7.31, 15.58
6.96, -7.36, 15.56
7.1, -7.41, 15.5
6.96, -7.47, 15.47
7.1, -7.5, 15.41
6.96, -7.56, 15.36
7.08, -7.58, 15.31
6.96, -7.63, 15.24
7.06, -7.63, 15.19
6.96, -7.67, 15.1
7.01, -7.67, 15.08
6.96, -7.68, 14.96
7.1, -7.67, 14.96
7.14, -7.65, 15.02
7.24, -7.63, 14.96
7.27, -7.61, 14.97
7.36, -7.56, 14.96
7.31, -7.57, 15.09
7.42, -7.51, 15.03
7.34, -7.51, 15.22
7.45, -7.45, 15.16
7.36, -7.43, 15.33
7.47, -7.37, 15.27
7.36, -7.33, 15.43
7.47, -7.27, 15.37
7.34, -7.22, 15.51
7.45, -7.16, 15.45
7.31, -7.09, 15.57
7.42, -7.03, 15.51
7.36, -6.96, 15.56
7.47, -6.96, 15.47
7.51, -6.97, 15.42
7.56, -6.96, 15.36
7.54, -7.09, 15.36
7.61, -7.01, 15.27
7.62, -7.11, 15.2
7.63, -6.96, 15.24
7.66, -7.02, 15.09
7.67, -6.96, 15.1
7.68, -6.96, 14.96
7.66, -7.09, 15.02
7.67, -7.1, 14.96
7.63, -7.24, 14.96
7.61, -7.26, 15.01
7.56, -7.36, 14.96
7.54, -7.36, 15.09
7.51, -7.42, 14.97
7.47, -7.47, 14.96
7.27, -6.96, 15.61
7.24, -6.96, 15.63
7.14, -7.02, 15.65
7.19, -7.15, 15.62
7.22, -7.27, 15.56
7.23, -7.38, 15.48
7.23, -7.48, 15.38
7.22, -7.56, 15.27
7.19, -7.62, 15.15
7.56, -7.19, 15.29
7.56, -7.29, 15.19
7.62, -7.2, 15.11
6.96, -7.1, 0.33
6.96, -6.96, 0.32
7.01, -7.08, 0.33
7.1, -6.96, 0.33
7.14, -7.02, 0.35
7.24, -6.96, 0.38
7.27, -6.96, 0.39
7.36, -6.96, 0.44
7.31, -7.09, 0.43
7.42, -7.03, 0.49
7.34, -7.22, 0.49
7.45, -7.16, 0.55
7.36, -7.33, 0.57
7.47, -7.27, 0.63
7.36, -7.43, 0.67
7.47, -7.37, 0.73
7.34, -7.51, 0.78
7.45, -7.45, 0.84
7.31, -7.57, 0.91
7.42, -7.51, 0.97
7.36, -7.56, 1.04
7.47, -7.47, 1.04
7.51, -7.42, 1.03
7.56, -7.36, 1.04
7.54, -7.36, 0.91
7.61, -7.26, 0.99
7.62, -7.2, 0.89
7.63, -7.24, 1.04
7.66, -7.09, 0.98
7.67, -7.1, 1.04
7.68, -6.96, 1.04
7.66, -7.02, 0.91
7.67, -6.96, 0.9
7.63, -6.96, 0.76
7.61, -7.01, 0.74
7.56, -6.96, 0.64
7.54, -7.09, 0.64
7.51, -6.97, 0.58
7.47, -6.96, 0.53
7.27, -7.61, 1.04
7.24, -7.63, 1.04
7.14, -7.65, 0.98
7.1, -7.67, 1.04
7.01, -7.67, 0.92
6.96, -7.68, 1.04
6.96, -7.67, 0.9
7.06, -7.63, 0.81
6.96, -7.63, 0.76
7.08, -7.58, 0.69
6.96, -7.56, 0.64
7.1, -7.5, 0.59
6.96, -7.47, 0.53
7.1, -7.41, 0.5
6.96, -7.36, 0.44
7.08, -7.31, 0.42
6.96, -7.24, 0.38
7.06, -7.19, 0.37
7.19, -7.15, 0.38
7.22, -7.27, 0.44
7.23, -7.38, 0.52
7.23, -7.48, 0.62
7.22, -7.56, 0.73
7.19, -7.62, 0.85
7.56, -7.19, 0.71
7.62, -7.11, 0.8
7.56, -7.29, 0.81
7.67, -7.1, 12.18
7.67, -7.1, 9.39
7.67, -7.1, 6.61
7.63, -7.24, 6.61
7.63, -7.24, 3.82
7.56, -7.36, 3.82
7.47, -7.47, 3.82
7.36, -7.56, 3.82
7.24, -7.63, 3.82
7.1, -7.67, 3.82
7.1, -7.67, 6.61
7.1, -7.67, 9.39
7.24, -7.63, 9.39
7.24, -7.63, 12.18
7.36, -7.56, 12.18
7.47, -7.47, 12.18
7.56, -7.36, 12.18
7.63, -7.24, 12.18
7.1, -7.67, 12.18
7.67, -7.1, 3.82
7.63, -7.24, 9.39
7.56, -7.36, 9.39
7.47, -7.47, 9.39
7.36, -7.56, 9.39
7.56, -7.36, 6.61
7.47, -7.47, 6.61
7.36, -7.56, 6.61
7.24, -7.63, 6.61
-7.1, 6.96, 0.33
-7.09, 7.02, 0.34
-6.96, 6.96, 0.32
-7.02, 7.09, 0.34
-6.96, 7.1, 0.33
-6.96, 7.24, 0.38
-7.01, 7.26, 0.39
-6.96, 7.36, 0.44
-7.09, 7.36, 0.46
-6.97, 7.42, 0.49
-7.16, 7.45, 0.55
-7.03, 7.51, 0.58
-7.22, 7.51, 0.66
-7.09, 7.57, 0.69
-7.27, 7.56, 0.78
-7.15, 7.62, 0.81
-7.31, 7.58, 0.92
-7.19, 7.63, 0.95
-7.24, 7.63, 1.04
-7.1, 7.67, 1.04
-7.24, 6.96, 0.38
-7.26, 7.01, 0.39
-7.2, 7.11, 0.38
-7.36, 7.09, 0.46
-7.29, 7.19, 0.44
-7.45, 7.16, 0.55
-7.37, 7.27, 0.53
-7.51, 7.22, 0.66
-7.43, 7.33, 0.64
-7.56, 7.27, 0.78
-7.48, 7.38, 0.77
-7.58, 7.31, 0.92
-7.5, 7.41, 0.9
-7.56, 7.36, 1.04
-7.47, 7.47, 1.04
-7.36, 6.96, 0.44
-7.42, 6.97, 0.49
-7.47, 6.96, 0.53
-7.51, 7.03, 0.58
-7.56, 6.96, 0.64
-7.57, 7.09, 0.69
-7.61, 6.96, 0.74
-7.65, 7.02, 0.86
-7.63, 6.96, 0.76
-7.67, 6.96, 0.9
-7.67, 7.08, 0.99
-7.68, 6.96, 1.04
-7.67, 7.1, 1.04
-7.63, 7.19, 0.95
-7.63, 7.24, 1.04
-7.41, 7.5, 0.9
-7.36, 7.56, 1.04
-7.08, 7.67, 0.99
-6.96, 7.68, 1.04
-6.96, 7.67, 0.9
-7.02, 7.65, 0.86
-6.96, 7.63, 0.76
-6.96, 7.61, 0.74
-6.96, 7.56, 0.64
-6.96, 7.47, 0.53
-7.38, 7.48, 0.77
-7.33, 7.43, 0.64
-7.27, 7.37, 0.53
-7.19, 7.29, 0.44
-7.11, 7.2, 0.38
-7.62, 7.15, 0.81
-7.67, 7.1, 12.18
-7.67, 7.1, 9.39
-7.67, 7.1, 6.61
-7.63, 7.24, 6.61
-7.63, 7.24, 3.82
-7.56, 7.36, 3.82
-7.47, 7.47, 3.82
-7.36, 7.56, 3.82
-7.24, 7.63, 3.82
-7.1, 7.67, 3.82
-7.1, 7.67, 6.61
-7.1, 7.67, 9.39
-7.24, 7.63, 9.39
-7.24, 7.63, 12.18
-7.36, 7.56, 12.18
-7.47, 7.47, 12.18
-7.56, 7.36, 12.18
-7.63, 7.24, 12.18
-7.1, 7.67, 12.18
-7.67, 7.1, 3.82
-7.63, 7.24, 9.39
-7.56, 7.36, 9.39
-7.47, 7.47, 9.39
-7.36, 7.56, 9.39
-7.56, 7.36, 6.61
-7.47, 7.47, 6.61
-7.36, 7.56, 6.61
-7.24, 7.63, 6.61
4.18, 7.67, 0.9
1.39, 7.67, 0.9
-1.39, 7.67, 0.9
-1.39, 7.63, 0.76
-4.18, 7.63, 0.76
-4.18, 7.56, 0.64
-4.18, 7.47, 0.53
-4.18, 7.36, 0.44
-4.18, 7.24, 0.38
-4.18, 7.1, 0.33
-1.39, 7.1, 0.33
1.39, 7.1, 0.33
1.39, 7.24, 0.38
4.18, 7.24, 0.38
4.18, 7.36, 0.44
4.18, 7.47, 0.53
4.18, 7.56, 0.64
4.18, 7.63, 0.76
4.18, 7.1, 0.33
-4.18, 7.67, 0.9
1.39, 7.63, 0.76
1.39, 7.56, 0.64
1.39, 7.47, 0.53
1.39, 7.36, 0.44
-1.39, 7.56, 0.64
-1.39, 7.47, 0.53
-1.39, 7.36, 0.44
-1.39, 7.24, 0.38
-7.1, -6.96, 15.67
-7.09, -7.02, 15.67
-6.96, -6.96, 15.68
-7.02, -7.09, 15.67
-6.96, -7.1, 15.67
-6.96, -7.24, 15.63
-7.01, -7.26, 15.61
-6.96, -7.36, 15.56
-7.09, -7.36, 15.54
-6.97, -7.42, 15.51
-7.16, -7.45, 15.45
-7.03, -7.51, 15.42
-7.22, -7.51, 15.34
-7.09, -7.57, 15.31
-7.27, -7.56, 15.22
-7.15, -7.62, 15.19
-7.31, -7.58, 15.08
-7.19, -7.63, 15.06
-7.24, -7.63, 14.96
-7.1, -7.67, 14.96
-7.24, -6.96, 15.63
-7.2, -7.11, 15.62
-7.11, -7.2, 15.62
-7.19, -7.29, 15.56
-7.27, -7.37, 15.47
-7.33, -7.43, 15.36
-7.38, -7.48, 15.23
-7.41, -7.5, 15.1
-7.36, -7.56, 14.96
-7.26, -7.01, 15.61
-7.36, -6.96, 15.56
-7.36, -7.09, 15.54
-7.42, -6.97, 15.51
-7.51, -7.03, 15.42
-7.47, -6.96, 15.47
-7.56, -6.96, 15.36
-7.63, -6.96, 15.24
-7.61, -6.96, 15.27
-7.57, -7.09, 15.31
-7.45, -7.16, 15.45
-7.29, -7.19, 15.56
-7.65, -7.02, 15.14
-7.67, -6.96, 15.1
-7.67, -7.08, 15.01
-7.68, -6.96, 14.96
-7.67, -7.1, 14.96
-7.63, -7.19, 15.06
-7.63, -7.24, 14.96
-7.58, -7.31, 15.08
-7.56, -7.36, 14.96
-7.5, -7.41, 15.1
-7.47, -7.47, 14.96
-7.08, -7.67, 15.01
-6.96, -7.68, 14.96
-6.96, -7.67, 15.1
-7.02, -7.65, 15.14
-6.96, -7.63, 15.24
-6.96, -7.61, 15.27
-6.96, -7.56, 15.36
-6.96, -7.47, 15.47
-7.48, -7.38, 15.23
-7.56, -7.27, 15.22
-7.62, -7.15, 15.19
-7.43, -7.33, 15.36
-7.51, -7.22, 15.34
-7.37, -7.27, 15.47
-7.1, -6.96, 0.33
-6.96, -6.96, 0.32
-7.01, -7.08, 0.33
-6.96, -7.1, 0.33
-7.06, -7.19, 0.37
-6.96, -7.24, 0.38
-7.08, -7.31, 0.42
-6.96, -7.36, 0.44
-7.1, -7.41, 0.5
-6.96, -7.47, 0.53
-7.1, -7.5, 0.59
-6.96, -7.56, 0.64
-7.08, -7.58, 0.69
-6.96, -7.63, 0.76
-7.06, -7.63, 0.81
-6.96, -7.67, 0.9
-7.01, -7.67, 0.92
-6.96, -7.68, 1.04
-7.1, -7.67, 1.04
-7.14, -7.65, 0.98
-7.24, -7.63, 1.04
-7.27, -7.61, 1.04
-7.36, -7.56, 1.04
-7.31, -7.57, 0.91
-7.42, -7.51, 0.97
-7.34, -7.51, 0.78
-7.45, -7.45, 0.84
-7.36, -7.43, 0.67
-7.47, -7.37, 0.73
-7.36, -7.33, 0.57
-7.47, -7.27, 0.63
-7.34, -7.22, 0.49
-7.45, -7.16, 0.55
-7.31, -7.09, 0.43
-7.42, -7.03, 0.49
-7.36, -6.96, 0.44
-7.47, -6.96, 0.53
-7.51, -6.97, 0.58
-7.56, -6.96, 0.64
-7.54, -7.09, 0.64
-7.61, -7.01, 0.74
-7.62, -7.11, 0.8
-7.66, -7.02, 0.91
-7.66, -7.09, 0.98
-7.68, -6.96, 1.04
-7.67, -7.1, 1.04
-7.63, -7.24, 1.04
-7.61, -7.26, 0.99
-7.56, -7.36, 1.04
-7.54, -7.36, 0.91
-7.51, -7.42, 1.03
-7.47, -7.47, 1.04
-7.67, -6.96, 0.9
-7.63, -6.96, 0.76
-7.27, -6.96, 0.39
-7.24, -6.96, 0.38
-7.14, -7.02, 0.35
-7.19, -7.15, 0.38
-7.22, -7.27, 0.44
-7.23, -7.38, 0.52
-7.23, -7.48, 0.62
-7.22, -7.56, 0.73
-7.19, -7.62, 0.85
-7.56, -7.19, 0.71
-7.56, -7.29, 0.81
-7.62, -7.2, 0.89
-7.1, -7.67, 12.18
-7.1, -7.67, 9.39
-7.1, -7.67, 6.61
-7.24, -7.63, 6.61
-7.24, -7.63, 3.82
-7.36, -7.56, 3.82
-7.47, -7.47, 3.82
-7.56, -7.36, 3.82
-7.63, -7.24, 3.82
-7.67, -7.1, 3.82
-7.67, -7.1, 6.61
-7.67, -7.1, 9.39
-7.63, -7.24, 9.39
-7.63, -7.24, 12.18
-7.56, -7.36, 12.18
-7.47, -7.47, 12.18
-7.36, -7.56, 12.18
-7.24, -7.63, 12.18
-7.67, -7.1, 12.18
-7.1, -7.67, 3.82
-7.24, -7.63, 9.39
-7.36, -7.56, 9.39
-7.47, -7.47, 9.39
-7.56, -7.36, 9.39
-7.36, -7.56, 6.61
-7.47, -7.47, 6.61
-7.56, -7.36, 6.61
-7.63, -7.24, 6.61
-7.67, 4.18, 0.9
-7.67, 1.39, 0.9
-7.67, -1.39, 0.9
-7.63, -1.39, 0.76
-7.63, -4.18, 0.76
-7.56, -4.18, 0.64
-7.47, -4.18, 0.53
-7.36, -4.18, 0.44
-7.24, -4.18, 0.38
-7.1, -4.18, 0.33
-7.1, -1.39, 0.33
-7.1, 1.39, 0.33
-7.24, 1.39, 0.38
-7.24, 4.18, 0.38
-7.36, 4.18, 0.44
-7.47, 4.18, 0.53
-7.56, 4.18, 0.64
-7.63, 4.18, 0.76
-7.1, 4.18, 0.33
-7.67, -4.18, 0.9
-7.63, 1.39, 0.76
-7.56, 1.39, 0.64
-7.47, 1.39, 0.53
-7.36, 1.39, 0.44
-7.56, -1.39, 0.64
-7.47, -1.39, 0.53
-7.36, -1.39, 0.44
-7.24, -1.39, 0.38
-4.18, -7.67, 0.9
-1.39, -7.67, 0.9
1.39, -7.67, 0.9
1.39, -7.63, 0.76
4.18, -7.63, 0.76
4.18, -7.56, 0.64
4.18, -7.47, 0.53
4.18, -7.36, 0.44
4.18, -7.24, 0.38
4.18, -7.1, 0.33
1.39, -7.1, 0.33
-1.39, -7.1, 0.33
-1.39, -7.24, 0.38
-4.18, -7.24, 0.38
-4.18, -7.36, 0.44
-4.18, -7.47, 0.53
-4.18, -7.56, 0.64
-4.18, -7.63, 0.76
-4.18, -7.1, 0.33
4.18, -7.67, 0.9
-1.39, -7.63, 0.76
-1.39, -7.56, 0.64
-1.39, -7.47, 0.53
-1.39, -7.36, 0.44
1.39, -7.56, 0.64
1.39, -7.47, 0.53
1.39, -7.36, 0.44
1.39, -7.24, 0.38
4.18, -7.67, 15.1
1.39, -7.67, 15.1
-1.39, -7.67, 15.1
-1.39, -7.63, 15.24
-4.18, -7.63, 15.24
-4.18, -7.56, 15.36
-4.18, -7.47, 15.47
-4.18, -7.36, 15.56
-4.18, -7.24, 15.63
-4.18, -7.1, 15.67
-1.39, -7.1, 15.67
1.39, -7.1, 15.67
1.39, -7.24, 15.63
4.18, -7.24, 15.63
4.18, -7.36, 15.56
4.18, -7.47, 15.47
4.18, -7.56, 15.36
4.18, -7.63, 15.24
4.18, -7.1, 15.67
-4.18, -7.67, 15.1
1.39, -7.63, 15.24
1.39, -7.56, 15.36
1.39, -7.47, 15.47
1.39, -7.36, 15.56
-1.39, -7.56, 15.36
-1.39, -7.47, 15.47
-1.39, -7.36, 15.56
-1.39, -7.24, 15.63
-7.67, -4.18, 15.1
-7.67, -1.39, 15.1
-7.67, 1.39, 15.1
-7.63, 1.39, 15.24
-7.63, 4.18, 15.24
-7.56, 4.18, 15.36
-7.47, 4.18, 15.47
-7.36, 4.18, 15.56
-7.24, 4.18, 15.63
-7.1, 4.18, 15.67
-7.1, 1.39, 15.67
-7.1, -1.39, 15.67
-7.24, -1.39, 15.63
-7.24, -4.18, 15.63
-7.36, -4.18, 15.56
-7.47, -4.18, 15.47
-7.56, -4.18, 15.36
-7.63, -4.18, 15.24
-7.1, -4.18, 15.67
-7.67, 4.18, 15.1
-7.63, -1.39, 15.24
-7.56, -1.39, 15.36
-7.47, -1.39, 15.47
-7.36, -1.39, 15.56
-7.56, 1.39, 15.36
-7.47, 1.39, 15.47
-7.36, 1.39, 15.56
-7.24, 1.39, 15.63
7.67, -4.18, 0.9
7.67, -1.39, 0.9
7.67, 1.39, 0.9
7.63, 1.39, 0.76
7.63, 4.18, 0.76
7.56, 4.18, 0.64
7.47, 4.18, 0.53
7.36, 4.18, 0.44
7.24, 4.18, 0.38
7.1, 4.18, 0.33
7.1, 1.39, 0.33
7.1, -1.39, 0.33
7.24, -1.39, 0.38
7.24, -4.18, 0.38
7.36, -4.18, 0.44
7.47, -4.18, 0.53
7.56, -4.18, 0.64
7.63, -4.18, 0.76
7.1, -4.18, 0.33
7.67, 4.18, 0.9
7.63, -1.39, 0.76
7.56, -1.39, 0.64
7.47, -1.39, 0.53
7.36, -1.39, 0.44
7.56, 1.39, 0.64
7.47, 1.39, 0.53
7.36, 1.39, 0.44
7.24, 1.39, 0.38
7.67, 4.18, 15.1
7.67, 1.39, 15.1
7.67, -1.39, 15.1
7.63, -1.39, 15.24
7.63, -4.18, 15.24
7.56, -4.18, 15.36
7.47, -4.18, 15.47
7.36, -4.18, 15.56
7.24, -4.18, 15.63
7.1, -4.18, 15.67
7.1, -1.39, 15.67
7.1, 1.39, 15.67
7.24, 1.39, 15.63
7.24, 4.18, 15.63
7.36, 4.18, 15.56
7.47, 4.18, 15.47
7.56, 4.18, 15.36
7.63, 4.18, 15.24
7.1, 4.18, 15.67
7.67, -4.18, 15.1
7.63, 1.39, 15.24
7.56, 1.39, 15.36
7.47, 1.39, 15.47
7.36, 1.39, 15.56
7.56, -1.39, 15.36
7.47, -1.39, 15.47
7.36, -1.39, 15.56
7.24, -1.39, 15.63
-4.18, 7.67, 15.1
-1.39, 7.67, 15.1
1.39, 7.67, 15.1
1.39, 7.63, 15.24
4.18, 7.63, 15.24
4.18, 7.56, 15.36
4.18, 7.47, 15.47
4.18, 7.36, 15.56
4.18, 7.24, 15.63
4.18, 7.1, 15.67
1.39, 7.1, 15.67
-1.39, 7.1, 15.67
-1.39, 7.24, 15.63
-4.18, 7.24, 15.63
-4.18, 7.36, 15.56
-4.18, 7.47, 15.47
-4.18, 7.56, 15.36
-4.18, 7.63, 15.24
-4.18, 7.1, 15.67
4.18, 7.67, 15.1
-1.39, 7.63, 15.24
-1.39, 7.56, 15.36
-1.39, 7.47, 15.47
-1.39, 7.36, 15.56
1.39, 7.56, 15.36
1.39, 7.47, 15.47
1.39, 7.36, 15.56
1.39, 7.24, 15.63
7.68, 6.24, 12.32
7.68, 6.24, 3.68
7.68, 4.32, 1.76
7.68, -4.32, 1.76
7.68, -6.24, 3.68
7.68, -6.24, 12.32
7.68, -4.32, 14.24
7.68, 4.32, 14.24
-6.24, 7.68, 3.68
-6.24, 7.68, 12.32
-4.32, 7.68, 14.24
4.32, 7.68, 14.24
6.24, 7.68, 12.32
6.24, 7.68, 3.68
4.32, 7.68, 1.76
-4.32, 7.68, 1.76
4.32, -6.24, 0.32
6.24, -4.32, 0.32
6.24, 4.32, 0.32
4.32, 6.24, 0.32
-4.32, 6.24, 0.32
-6.24, 4.32, 0.32
-6.24, -4.32, 0.32
-4.32, -6.24, 0.32
-7.68, 4.32, 14.24
-7.68, 6.24, 12.32
-7.68, 6.24, 3.68
-7.68, 4.32, 1.76
-7.68, -4.32, 1.76
-7.68, -6.24, 3.68
-7.68, -6.24, 12.32
-7.68, -4.32, 14.24
6.24, -7.68, 3.68
6.24, -7.68, 12.32
4.32, -7.68, 14.24
-4.32, -7.68, 14.24
-6.24, -7.68, 12.32
-6.24, -7.68, 3.68
-4.32, -7.68, 1.76
4.32, -7.68, 1.76
-6.24, 4.32, 15.68
-4.32, 6.24, 15.68
4.32, 6.24, 15.68
6.24, 4.32, 15.68
6.24, -4.32, 15.68
4.32, -6.24, 15.68
-4.32, -6.24, 15.68
-6.24, -4.32, 15.68
2.16, -1.5, 0.32
2.16, -2.7, 0.32
2.16, -1.5, 0.86
2.16, -2.7, 0.86
3.84, -2.7, 0.32
3.84, -2.7, 0.86
3.84, 2.26, 0.32
3.84, 2.26, 0.86
2.16, 2.26, 0.32
2.16, 2.26, 0.86
2.16, 0.88, 0.32
2.16, 0.88, 0.86
-1.46, 0.88, 0.32
-1.46, 0.88, 0.86
-1.03, 1.91, 0.32
-1.03, 1.91, 0.86
-2.48, 2.7, 0.32
-2.48, 2.7, 0.86
-3.84, 0.29, 0.32
-3.84, 0.29, 0.86
-3.84, -1.5, 0.32
-3.84, -1.5, 0.86
6.24, 4.32, 0.86
6.24, -4.32, 0.86
4.32, -6.24, 0.86
-4.32, -6.24, 0.86
-6.24, -4.32, 0.86
-6.24, 4.32, 0.86
-4.32, 6.24, 0.86
4.32, 6.24, 0.86
-0.87, -0.71, 15.68
-0.98, -0.55, 15.68
-0.87, -0.71, 15.11
-0.98, -0.55, 15.11
-1.08, -0.39, 15.68
-1.08, -0.39, 15.11
-1.17, -0.21, 15.68
-1.17, -0.21, 15.11
-1.24, -0.02, 15.68
-1.24, -0.02, 15.11
-1.29, 0.18, 15.68
-1.29, 0.18, 15.11
-1.33, 0.39, 15.68
-1.33, 0.39, 15.11
-1.35, 0.61, 15.68
-1.35, 0.61, 15.11
-1.36, 0.85, 15.68
-1.36, 0.85, 15.11
-1.36, 1.02, 15.68
-1.36, 1.02, 15.11
-1.34, 1.18, 15.68
-1.34, 1.18, 15.11
-1.32, 1.34, 15.68
-1.32, 1.34, 15.11
-1.29, 1.5, 15.68
-1.29, 1.5, 15.11
-1.24, 1.64, 15.68
-1.24, 1.64, 15.11
-1.19, 1.79, 15.68
-1.19, 1.79, 15.11
-1.13, 1.92, 15.68
-1.13, 1.92, 15.11
-1.06, 2.05, 15.68
-1.06, 2.05, 15.11
-0.98, 2.18, 15.68
-0.98, 2.18, 15.11
-0.89, 2.29, 15.68
-0.89, 2.29, 15.11
-0.8, 2.4, 15.68
-0.8, 2.4, 15.11
-0.7, 2.5, 15.68
-0.7, 2.5, 15.11
-0.59, 2.59, 15.68
-0.59, 2.59, 15.11
-0.48, 2.68, 15.68
-0.48, 2.68, 15.11
-0.36, 2.76, 15.68
-0.36, 2.76, 15.11
-0.23, 2.83, 15.68
-0.23, 2.83, 15.11
-0.1, 2.89, 15.68
-0.1, 2.89, 15.11
0.04, 2.94, 15.68
0.04, 2.94, 15.11
0.18, 2.99, 15.68
0.18, 2.99, 15.11
0.33, 3.02, 15.68
0.33, 3.02, 15.11
0.48, 3.05, 15.68
0.48, 3.05, 15.11
0.64, 3.07, 15.68
0.64, 3.07, 15.11
0.8, 3.08, 15.68
0.8, 3.08, 15.11
0.97, 3.09, 15.68
0.97, 3.09, 15.11
1.45, 3.09, 15.68
1.45, 3.09, 15.11
1.62, 3.08, 15.68
1.62, 3.08, 15.11
1.79, 3.07, 15.68
1.79, 3.07, 15.11
1.96, 3.04, 15.68
1.96, 3.04, 15.11
2.12, 3.01, 15.68
2.12, 3.01, 15.11
2.28, 2.96, 15.68
2.28, 2.96, 15.11
2.44, 2.9, 15.68
2.44, 2.9, 15.11
2.59, 2.84, 15.68
2.59, 2.84, 15.11
2.74, 2.76, 15.68
2.74, 2.76, 15.11
2.89, 2.67, 15.68
2.89, 2.67, 15.11
3.02, 2.57, 15.68
3.02, 2.57, 15.11
3.15, 2.46, 15.68
3.15, 2.46, 15.11
3.28, 2.34, 15.68
3.28, 2.34, 15.11
3.39, 2.21, 15.68
3.39, 2.21, 15.11
3.5, 2.07, 15.68
3.5, 2.07, 15.11
3.6, 1.91, 15.68
3.6, 1.91, 15.11
3.7, 1.75, 15.68
3.7, 1.75, 15.11
3.78, 1.57, 15.68
3.78, 1.57, 15.11
3.86, 1.39, 15.68
3.86, 1.39, 15.11
3.92, 1.2, 15.68
3.92, 1.2, 15.11
3.97, 0.99, 15.68
3.97, 0.99, 15.11
4.01, 0.78, 15.68
4.01, 0.78, 15.11
4.04, 0.55, 15.68
4.04, 0.55, 15.11
4.05, 0.32, 15.68
4.05, 0.32, 15.11
4.06, 0.07, 15.68
4.06, 0.07, 15.11
4.06, -0.12, 15.68
4.06, -0.12, 15.11
4.05, -0.3, 15.68
4.05, -0.3, 15.11
4.03, -0.48, 15.68
4.03, -0.48, 15.11
4.01, -0.65, 15.68
4.01, -0.65, 15.11
3.98, -0.81, 15.68
3.98, -0.81, 15.11
3.94, -0.97, 15.68
3.94, -0.97, 15.11
3.89, -1.13, 15.68
3.89, -1.13, 15.11
3.84, -1.28, 15.68
3.84, -1.28, 15.11
3.79, -1.42, 15.68
3.79, -1.42, 15.11
3.72, -1.56, 15.68
3.72, -1.56, 15.11
3.65, -1.69, 15.68
3.65, -1.69, 15.11
3.57, -1.82, 15.68
3.57, -1.82, 15.11
3.49, -1.94, 15.68
3.49, -1.94, 15.11
3.4, -2.06, 15.68
3.4, -2.06, 15.11
3.3, -2.17, 15.68
3.3, -2.17, 15.11
3.2, -2.27, 15.68
3.2, -2.27, 15.11
2.97, -2.46, 15.68
2.97, -2.46, 15.11
2.73, -2.63, 15.68
2.73, -2.63, 15.11
2.46, -2.77, 15.68
2.46, -2.77, 15.11
2.17, -2.88, 15.68
2.17, -2.88, 15.11
1.86, -2.97, 15.68
1.86, -2.97, 15.11
1.53, -3.04, 15.68
1.53, -3.04, 15.11
1.17, -3.08, 15.68
1.17, -3.08, 15.11
0.8, -3.09, 15.68
0.8, -3.09, 15.11
0.21, -3.09, 15.68
0.21, -3.09, 15.11
-0.05, -3.08, 15.68
-0.05, -3.08, 15.11
-0.29, -3.07, 15.68
-0.29, -3.07, 15.11
-0.53, -3.04, 15.68
-0.53, -3.04, 15.11
-0.77, -3.0, 15.68
-0.77, -3.0, 15.11
-0.99, -2.95, 15.68
-0.99, -2.95, 15.11
-1.21, -2.89, 15.68
-1.21, -2.89, 15.11
-1.42, -2.82, 15.68
-1.42, -2.82, 15.11
-1.62, -2.74, 15.68
-1.62, -2.74, 15.11
-1.81, -2.65, 15.68
-1.81, -2.65, 15.11
-2.0, -2.54, 15.68
-2.0, -2.54, 15.11
-2.18, -2.43, 15.68
-2.18, -2.43, 15.11
-2.35, -2.3, 15.68
-2.35, -2.3, 15.11
-2.51, -2.16, 15.68
-2.51, -2.16, 15.11
-2.67, -2.02, 15.68
-2.67, -2.02, 15.11
-2.82, -1.86, 15.68
-2.82, -1.86, 15.11
-2.96, -1.69, 15.68
-2.96, -1.69, 15.11
-3.09, -1.51, 15.68
-3.09, -1.51, 15.11
-3.21, -1.32, 15.68
-3.21, -1.32, 15.11
-3.33, -1.13, 15.68
-3.33, -1.13, 15.11
-3.44, -0.92, 15.68
-3.44, -0.92, 15.11
-3.53, -0.71, 15.68
-3.53, -0.71, 15.11
-3.62, -0.48, 15.68
-3.62, -0.48, 15.11
-3.71, -0.25, 15.68
-3.71, -0.25, 15.11
-3.78, -0.01, 15.68
-3.78, -0.01, 15.11
-3.84, 0.24, 15.68
-3.84, 0.24, 15.11
-3.9, 0.49, 15.68
-3.9, 0.49, 15.11
-3.95, 0.76, 15.68
-3.95, 0.76, 15.11
-3.99, 1.04, 15.68
-3.99, 1.04, 15.11
-4.02, 1.32, 15.68
-4.02, 1.32, 15.11
-4.04, 1.61, 15.68
-4.04, 1.61, 15.11
-4.05, 1.91, 15.68
-4.05, 1.91, 15.11
-4.06, 2.22, 15.68
-4.06, 2.22, 15.11
-2.27, 2.22, 15.68
-2.27, 2.22, 15.11
-2.26, 1.92, 15.68
-2.26, 1.92, 15.11
-2.25, 1.63, 15.68
-2.25, 1.63, 15.11
-2.22, 1.35, 15.68
-2.22, 1.35, 15.11
-2.19, 1.1, 15.68
-2.19, 1.1, 15.11
-2.14, 0.86, 15.68
-2.14, 0.86, 15.11
-2.09, 0.63, 15.68
-2.09, 0.63, 15.11
-2.03, 0.42, 15.68
-2.03, 0.42, 15.11
-1.95, 0.22, 15.68
-1.95, 0.22, 15.11
-1.87, 0.05, 15.68
-1.87, 0.05, 15.11
-1.77, -0.11, 15.68
-1.77, -0.11, 15.11
-1.66, -0.26, 15.68
-1.66, -0.26, 15.11
-1.53, -0.38, 15.68
-1.53, -0.38, 15.11
-1.38, -0.49, 15.68
-1.38, -0.49, 15.11
-1.23, -0.58, 15.68
-1.23, -0.58, 15.11
-1.05, -0.65, 15.68
-1.05, -0.65, 15.11
4.32, 6.24, 15.11
-4.32, 6.24, 15.11
-6.24, 4.32, 15.11
-6.24, -4.32, 15.11
-4.32, -6.24, 15.11
4.32, -6.24, 15.11
6.24, -4.32, 15.11
6.24, 4.32, 15.11
1.05, 0.72, 15.68
0.95, 0.72, 15.68
1.05, 0.72, 15.11
0.95, 0.72, 15.11
0.85, 0.71, 15.68
0.85, 0.71, 15.11
0.76, 0.7, 15.68
0.76, 0.7, 15.11
0.68, 0.68, 15.68
0.68, 0.68, 15.11
0.61, 0.66, 15.68
0.61, 0.66, 15.11
0.54, 0.64, 15.68
0.54, 0.64, 15.11
0.48, 0.61, 15.68
0.48, 0.61, 15.11
0.43, 0.58, 15.68
0.43, 0.58, 15.11
0.39, 0.54, 15.68
0.39, 0.54, 15.11
0.35, 0.49, 15.68
0.35, 0.49, 15.11
0.32, 0.44, 15.68
0.32, 0.44, 15.11
0.3, 0.37, 15.68
0.3, 0.37, 15.11
0.28, 0.3, 15.68
0.28, 0.3, 15.11
0.26, 0.23, 15.68
0.26, 0.23, 15.11
0.26, 0.14, 15.68
0.26, 0.14, 15.11
0.25, 0.05, 15.68
0.25, 0.05, 15.11
0.26, -0.06, 15.68
0.26, -0.06, 15.11
0.27, -0.16, 15.68
0.27, -0.16, 15.11
0.3, -0.26, 15.68
0.3, -0.26, 15.11
0.33, -0.36, 15.68
0.33, -0.36, 15.11
0.38, -0.46, 15.68
0.38, -0.46, 15.11
0.43, -0.56, 15.68
0.43, -0.56, 15.11
0.5, -0.66, 15.68
0.5, -0.66, 15.11
0.57, -0.75, 15.68
0.57, -0.75, 15.11
1.28, -0.75, 15.68
1.28, -0.75, 15.11
1.42, -0.75, 15.68
1.42, -0.75, 15.11
1.55, -0.74, 15.68
1.55, -0.74, 15.11
1.67, -0.73, 15.68
1.67, -0.73, 15.11
1.78, -0.71, 15.68
1.78, -0.71, 15.11
1.87, -0.69, 15.68
1.87, -0.69, 15.11
1.96, -0.67, 15.68
1.96, -0.67, 15.11
2.03, -0.63, 15.68
2.03, -0.63, 15.11
2.09, -0.6, 15.68
2.09, -0.6, 15.11
2.14, -0.56, 15.68
2.14, -0.56, 15.11
2.19, -0.51, 15.68
2.19, -0.51, 15.11
2.23, -0.45, 15.68
2.23, -0.45, 15.11
2.26, -0.38, 15.68
2.26, -0.38, 15.11
2.28, -0.31, 15.68
2.28, -0.31, 15.11
2.3, -0.23, 15.68
2.3, -0.23, 15.11
2.31, -0.14, 15.68
2.31, -0.14, 15.11
2.31, -0.05, 15.68
2.31, -0.05, 15.11
2.31, 0.05, 15.68
2.31, 0.05, 15.11
2.3, 0.15, 15.68
2.3, 0.15, 15.11
2.28, 0.24, 15.68
2.28, 0.24, 15.11
2.26, 0.31, 15.68
2.26, 0.31, 15.11
2.23, 0.38, 15.68
2.23, 0.38, 15.11
2.19, 0.45, 15.68
2.19, 0.45, 15.11
2.15, 0.5, 15.68
2.15, 0.5, 15.11
2.1, 0.55, 15.68
2.1, 0.55, 15.11
2.04, 0.59, 15.68
2.04, 0.59, 15.11
1.97, 0.62, 15.68
1.97, 0.62, 15.11
1.9, 0.65, 15.68
1.9, 0.65, 15.11
1.81, 0.68, 15.68
1.81, 0.68, 15.11
1.71, 0.69, 15.68
1.71, 0.69, 15.11
1.6, 0.71, 15.68
1.6, 0.71, 15.11
1.49, 0.72, 15.68
1.49, 0.72, 15.11
1.36, 0.72, 15.68
1.36, 0.72, 15.11
-7.68, 1.51, 8.45
-7.68, 0.48, 9.14
-7.14, 1.51, 8.45
-7.14, 0.48, 9.14
-7.68, 0.37, 9.22
-7.14, 0.37, 9.22
-7.68, 0.28, 9.29
-7.14, 0.28, 9.29
-7.68, 0.18, 9.35
-7.14, 0.18, 9.35
-7.68, 0.1, 9.42
-7.14, 0.1, 9.42
-7.68, 0.03, 9.48
-7.14, 0.03, 9.48
-7.68, -0.03, 9.53
-7.14, -0.03, 9.53
-7.68, -0.09, 9.59
-7.14, -0.09, 9.59
-7.68, -0.14, 9.64
-7.14, -0.14, 9.64
-7.68, -0.21, 9.73
-7.14, -0.21, 9.73
-7.68, -0.27, 9.83
-7.14, -0.27, 9.83
-7.68, -0.31, 9.94
-7.14, -0.31, 9.94
-7.68, -0.33, 10.05
-7.14, -0.33, 10.05
-7.68, 2.86, 10.05
-7.14, 2.86, 10.05
-7.68, 2.86, 11.84
-7.14, 2.86, 11.84
-7.68, -2.73, 11.84
-7.14, -2.73, 11.84
-7.68, -2.73, 10.64
-7.14, -2.73, 10.64
-7.68, -2.73, 10.41
-7.14, -2.73, 10.41
-7.68, -2.71, 10.18
-7.14, -2.71, 10.18
-7.68, -2.68, 9.97
-7.14, -2.68, 9.97
-7.68, -2.64, 9.76
-7.14, -2.64, 9.76
-7.68, -2.59, 9.57
-7.14, -2.59, 9.57
-7.68, -2.52, 9.38
-7.14, -2.52, 9.38
-7.68, -2.45, 9.21
-7.14, -2.45, 9.21
-7.68, -2.36, 9.05
-7.14, -2.36, 9.05
-7.68, -2.26, 8.89
-7.14, -2.26, 8.89
-7.68, -2.15, 8.74
-7.14, -2.15, 8.74
-7.68, -2.03, 8.6
-7.14, -2.03, 8.6
-7.68, -1.91, 8.46
-7.14, -1.91, 8.46
-7.68, -1.77, 8.33
-7.14, -1.77, 8.33
-7.68, -1.62, 8.2
-7.14, -1.62, 8.2
-7.68, -1.46, 8.07
-7.14, -1.46, 8.07
-7.68, -1.29, 7.96
-7.14, -1.29, 7.96
-7.68, -0.23, 7.25
-7.14, -0.23, 7.25
-7.68, -0.12, 7.18
-7.14, -0.12, 7.18
-7.68, -0.02, 7.1
-7.14, -0.02, 7.1
-7.68, 0.08, 7.04
-7.14, 0.08, 7.04
-7.68, 0.16, 6.97
-7.14, 0.16, 6.97
-7.68, 0.23, 6.92
-7.14, 0.23, 6.92
-7.68, 0.29, 6.86
-7.14, 0.29, 6.86
-7.68, 0.34, 6.82
-7.14, 0.34, 6.82
-7.68, 0.38, 6.77
-7.14, 0.38, 6.77
-7.68, 0.45, 6.69
-7.14, 0.45, 6.69
-7.68, 0.49, 6.59
-7.14, 0.49, 6.59
-7.68, 0.52, 6.49
-7.14, 0.52, 6.49
-7.68, 0.53, 6.39
-7.14, 0.53, 6.39
-7.68, 0.53, 6.26
-7.14, 0.53, 6.26
-7.68, 0.51, 6.14
-7.14, 0.51, 6.14
-7.68, 0.47, 6.04
-7.14, 0.47, 6.04
-7.68, 0.41, 5.95
-7.14, 0.41, 5.95
-7.68, 0.31, 5.87
-7.14, 0.31, 5.87
-7.68, 0.2, 5.8
-7.14, 0.2, 5.8
-7.68, 0.06, 5.76
-7.14, 0.06, 5.76
-7.68, -0.1, 5.73
-7.14, -0.1, 5.73
-7.68, -0.29, 5.72
-7.14, -0.29, 5.72
-7.68, -0.51, 5.73
-7.14, -0.51, 5.73
-7.68, -0.73, 5.76
-7.14, -0.73, 5.76
-7.68, -0.94, 5.8
-7.14, -0.94, 5.8
-7.68, -1.15, 5.87
-7.14, -1.15, 5.87
-7.68, -1.35, 5.95
-7.14, -1.35, 5.95
-7.68, -1.55, 6.05
-7.14, -1.55, 6.05
-7.68, -1.76, 6.17
-7.14, -1.76, 6.17
-7.68, -1.96, 6.31
-7.14, -1.96, 6.31
-7.68, -2.91, 4.91
-7.14, -2.91, 4.91
-7.68, -2.59, 4.68
-7.14, -2.59, 4.68
-7.68, -2.26, 4.49
-7.14, -2.26, 4.49
-7.68, -1.93, 4.33
-7.14, -1.93, 4.33
-7.68, -1.59, 4.19
-7.14, -1.59, 4.19
-7.68, -1.41, 4.13
-7.14, -1.41, 4.13
-7.68, -1.22, 4.08
-7.14, -1.22, 4.08
-7.68, -1.03, 4.04
-7.14, -1.03, 4.04
-7.68, -0.84, 4.0
-7.14, -0.84, 4.0
-7.68, -0.64, 3.98
-7.14, -0.64, 3.98
-7.68, -0.43, 3.96
-7.14, -0.43, 3.96
-7.68, -0.21, 3.94
-7.14, -0.21, 3.94
-7.68, 0.01, 3.94
-7.14, 0.01, 3.94
-7.68, 0.23, 3.95
-7.14, 0.23, 3.95
-7.68, 0.45, 3.96
-7.14, 0.45, 3.96
-7.68, 0.65, 3.98
-7.14, 0.65, 3.98
-7.68, 0.85, 4.01
-7.14, 0.85, 4.01
-7.68, 1.04, 4.05
-7.14, 1.04, 4.05
-7.68, 1.22, 4.09
-7.14, 1.22, 4.09
-7.68, 1.4, 4.15
-7.14, 1.4, 4.15
-7.68, 1.57, 4.21
-7.14, 1.57, 4.21
-7.68, 1.73, 4.28
-7.14, 1.73, 4.28
-7.68, 1.88, 4.36
-7.14, 1.88, 4.36
-7.68, 2.02, 4.44
-7.14, 2.02, 4.44
-7.68, 2.15, 4.53
-7.14, 2.15, 4.53
-7.68, 2.27, 4.63
-7.14, 2.27, 4.63
-7.68, 2.38, 4.73
-7.14, 2.38, 4.73
-7.68, 2.48, 4.84
-7.14, 2.48, 4.84
-7.68, 2.57, 4.96
-7.14, 2.57, 4.96
-7.68, 2.65, 5.08
-7.14, 2.65, 5.08
-7.68, 2.72, 5.2
-7.14, 2.72, 5.2
-7.68, 2.77, 5.33
-7.14, 2.77, 5.33
-7.68, 2.82, 5.47
-7.14, 2.82, 5.47
-7.68, 2.86, 5.61
-7.14, 2.86, 5.61
-7.68, 2.89, 5.76
-7.14, 2.89, 5.76
-7.68, 2.9, 5.9
-7.14, 2.9, 5.9
-7.68, 2.91, 6.06
-7.14, 2.91, 6.06
-7.68, 2.91, 6.48
-7.14, 2.91, 6.48
-7.68, 2.9, 6.63
-7.14, 2.9, 6.63
-7.68, 2.89, 6.78
-7.14, 2.89, 6.78
-7.68, 2.86, 6.92
-7.14, 2.86, 6.92
-7.68, 2.83, 7.05
-7.14, 2.83, 7.05
-7.68, 2.78, 7.18
-7.14, 2.78, 7.18
-7.68, 2.72, 7.31
-7.14, 2.72, 7.31
-7.68, 2.66, 7.42
-7.14, 2.66, 7.42
-7.68, 2.58, 7.53
-7.14, 2.58, 7.53
-7.68, 2.49, 7.64
-7.14, 2.49, 7.64
-7.68, 2.39, 7.75
-7.14, 2.39, 7.75
-7.68, 2.27, 7.87
-7.14, 2.27, 7.87
-7.68, 2.15, 7.98
-7.14, 2.15, 7.98
-7.68, 2.01, 8.1
-7.14, 2.01, 8.1
-7.68, 1.86, 8.21
-7.14, 1.86, 8.21
-7.68, 1.69, 8.33
-7.14, 1.69, 8.33
-7.14, 4.32, 14.24
-7.14, 6.24, 12.32
-7.14, 6.24, 3.68
-7.14, 4.32, 1.76
-7.14, -4.32, 1.76
-7.14, -6.24, 3.68
-7.14, -6.24, 12.32
-7.14, -4.32, 14.24
0.18, 7.68, 11.84
0.18, 7.68, 10.72
0.18, 7.14, 11.84
0.18, 7.14, 10.72
-3.41, 7.68, 10.72
-3.41, 7.14, 10.72
-3.41, 7.68, 9.42
-3.41, 7.14, 9.42
-1.2, 7.68, 4.16
-1.2, 7.14, 4.16
1.14, 7.68, 4.16
1.14, 7.14, 4.16
-0.89, 7.68, 8.92
-0.89, 7.14, 8.92
0.27, 7.68, 8.92
0.27, 7.14, 8.92
0.72, 7.68, 7.29
0.72, 7.14, 7.29
2.58, 7.68, 7.29
2.58, 7.14, 7.29
2.58, 7.68, 8.92
2.58, 7.14, 8.92
3.41, 7.68, 8.92
3.41, 7.14, 8.92
3.41, 7.68, 10.72
3.41, 7.14, 10.72
2.58, 7.68, 10.72
2.58, 7.14, 10.72
2.58, 7.68, 11.84
2.58, 7.14, 11.84
-6.24, 7.14, 3.68
-6.24, 7.14, 12.32
-4.32, 7.14, 14.24
4.32, 7.14, 14.24
6.24, 7.14, 12.32
6.24, 7.14, 3.68
4.32, 7.14, 1.76
-4.32, 7.14, 1.76
7.68, -0.18, 8.97
7.68, 0.07, 9.03
7.14, -0.18, 8.97
7.14, 0.07, 9.03
7.68, 0.33, 9.08
7.14, 0.33, 9.08
7.68, 0.6, 9.11
7.14, 0.6, 9.11
7.68, 0.88, 9.12
7.14, 0.88, 9.12
7.68, 1.04, 9.12
7.14, 1.04, 9.12
7.68, 1.18, 9.1
7.14, 1.18, 9.1
7.68, 1.33, 9.08
7.14, 1.33, 9.08
7.68, 1.48, 9.05
7.14, 1.48, 9.05
7.68, 1.62, 9.01
7.14, 1.62, 9.01
7.68, 1.76, 8.97
7.14, 1.76, 8.97
7.68, 1.89, 8.91
7.14, 1.89, 8.91
7.68, 2.02, 8.85
7.14, 2.02, 8.85
7.68, 2.15, 8.77
7.14, 2.15, 8.77
7.68, 2.27, 8.69
7.14, 2.27, 8.69
7.68, 2.39, 8.61
7.14, 2.39, 8.61
7.68, 2.5, 8.51
7.14, 2.5, 8.51
7.68, 2.6, 8.41
7.14, 2.6, 8.41
7.68, 2.69, 8.3
7.14, 2.69, 8.3
7.68, 2.78, 8.18
7.14, 2.78, 8.18
7.68, 2.86, 8.06
7.14, 2.86, 8.06
7.68, 2.94, 7.93
7.14, 2.94, 7.93
7.68, 3.0, 7.8
7.14, 3.0, 7.8
7.68, 3.05, 7.65
7.14, 3.05, 7.65
7.68, 3.1, 7.51
7.14, 3.1, 7.51
7.68, 3.13, 7.36
7.14, 3.13, 7.36
7.68, 3.16, 7.2
7.14, 3.16, 7.2
7.68, 3.17, 7.04
7.14, 3.17, 7.04
7.68, 3.18, 6.87
7.14, 3.18, 6.87
7.68, 3.18, 6.31
7.14, 3.18, 6.31
7.68, 3.17, 6.15
7.14, 3.17, 6.15
7.68, 3.15, 5.99
7.14, 3.15, 5.99
7.68, 3.12, 5.84
7.14, 3.12, 5.84
7.68, 3.08, 5.69
7.14, 3.08, 5.69
7.68, 3.03, 5.54
7.14, 3.03, 5.54
7.68, 2.96, 5.4
7.14, 2.96, 5.4
7.68, 2.88, 5.26
7.14, 2.88, 5.26
7.68, 2.79, 5.12
7.14, 2.79, 5.12
7.68, 2.69, 4.99
7.14, 2.69, 4.99
7.68, 2.58, 4.86
7.14, 2.58, 4.86
7.68, 2.45, 4.74
7.14, 2.45, 4.74
7.68, 2.32, 4.63
7.14, 2.32, 4.63
7.68, 2.17, 4.53
7.14, 2.17, 4.53
7.68, 2.02, 4.43
7.14, 2.02, 4.43
7.68, 1.85, 4.34
7.14, 1.85, 4.34
7.68, 1.67, 4.26
7.14, 1.67, 4.26
7.68, 1.48, 4.18
7.14, 1.48, 4.18
7.68, 1.28, 4.12
7.14, 1.28, 4.12
7.68, 1.07, 4.07
7.14, 1.07, 4.07
7.68, 0.86, 4.02
7.14, 0.86, 4.02
7.68, 0.64, 3.99
7.14, 0.64, 3.99
7.68, 0.41, 3.96
7.14, 0.41, 3.96
7.68, 0.17, 3.95
7.14, 0.17, 3.95
7.68, -0.08, 3.94
7.14, -0.08, 3.94
7.68, -0.34, 3.95
7.14, -0.34, 3.95
7.68, -0.59, 3.96
7.14, -0.59, 3.96
7.68, -0.83, 3.99
7.14, -0.83, 3.99
7.68, -1.06, 4.03
7.14, -1.06, 4.03
7.68, -1.29, 4.07
7.14, -1.29, 4.07
7.68, -1.51, 4.13
7.14, -1.51, 4.13
7.68, -1.72, 4.2
7.14, -1.72, 4.2
7.68, -1.92, 4.28
7.14, -1.92, 4.28
7.68, -2.11, 4.37
7.14, -2.11, 4.37
7.68, -2.3, 4.47
7.14, -2.3, 4.47
7.68, -2.47, 4.57
7.14, -2.47, 4.57
7.68, -2.63, 4.68
7.14, -2.63, 4.68
7.68, -2.78, 4.8
7.14, -2.78, 4.8
7.68, -2.92, 4.93
7.14, -2.92, 4.93
7.68, -3.06, 5.06
7.14, -3.06, 5.06
7.68, -3.18, 5.2
7.14, -3.18, 5.2
7.68, -1.93, 6.5
7.14, -1.93, 6.5
7.68, -1.81, 6.39
7.14, -1.81, 6.39
7.68, -1.71, 6.3
7.14, -1.71, 6.3
7.68, -1.6, 6.21
7.14, -1.6, 6.21
7.68, -1.5, 6.13
7.14, -1.5, 6.13
7.68, -1.4, 6.06
7.14, -1.4, 6.06
7.68, -1.31, 6.0
7.14, -1.31, 6.0
7.68, -1.22, 5.95
7.14, -1.22, 5.95
7.68, -1.13, 5.9
7.14, -1.13, 5.9
7.68, -0.95, 5.82
7.14, -0.95, 5.82
7.68, -0.74, 5.77
7.14, -0.74, 5.77
7.68, -0.52, 5.74
7.14, -0.52, 5.74
7.68, -0.28, 5.73
7.14, -0.28, 5.73
7.68, -0.16, 5.73
7.14, -0.16, 5.73
7.68, -0.04, 5.74
7.14, -0.04, 5.74
7.68, 0.07, 5.76
7.14, 0.07, 5.76
7.68, 0.17, 5.78
7.14, 0.17, 5.78
7.68, 0.26, 5.8
7.14, 0.26, 5.8
7.68, 0.35, 5.84
7.14, 0.35, 5.84
7.68, 0.43, 5.88
7.14, 0.43, 5.88
7.68, 0.5, 5.92
7.14, 0.5, 5.92
7.68, 0.56, 5.97
7.14, 0.56, 5.97
7.68, 0.62, 6.03
7.14, 0.62, 6.03
7.68, 0.67, 6.09
7.14, 0.67, 6.09
7.68, 0.7, 6.16
7.14, 0.7, 6.16
7.68, 0.73, 6.23
7.14, 0.73, 6.23
7.68, 0.76, 6.3
7.14, 0.76, 6.3
7.68, 0.77, 6.39
7.14, 0.77, 6.39
7.68, 0.77, 6.48
7.14, 0.77, 6.48
7.68, 0.77, 6.69
7.14, 0.77, 6.69
7.68, 0.77, 6.8
7.14, 0.77, 6.8
7.68, 0.76, 6.9
7.14, 0.76, 6.9
7.68, 0.74, 7.0
7.14, 0.74, 7.0
7.68, 0.71, 7.08
7.14, 0.71, 7.08
7.68, 0.68, 7.16
7.14, 0.68, 7.16
7.68, 0.63, 7.22
7.14, 0.63, 7.22
7.68, 0.58, 7.28
7.14, 0.58, 7.28
7.68, 0.53, 7.34
7.14, 0.53, 7.34
7.68, 0.46, 7.38
7.14, 0.46, 7.38
7.68, 0.39, 7.42
7.14, 0.39, 7.42
7.68, 0.31, 7.45
7.14, 0.31, 7.45
7.68, 0.22, 7.48
7.14, 0.22, 7.48
7.68, 0.12, 7.5
7.14, 0.12, 7.5
7.68, 0.01, 7.52
7.14, 0.01, 7.52
7.68, -0.1, 7.53
7.14, -0.1, 7.53
7.68, -0.22, 7.53
7.14, -0.22, 7.53
7.68, -0.42, 7.52
7.14, -0.42, 7.52
7.68, -0.59, 7.5
7.14, -0.59, 7.5
7.68, -0.89, 7.42
7.14, -0.89, 7.42
7.68, -0.97, 7.4
7.14, -0.97, 7.4
7.68, -1.03, 7.38
7.14, -1.03, 7.38
7.68, -1.09, 7.37
7.14, -1.09, 7.37
7.68, -1.14, 7.35
7.14, -1.14, 7.35
7.68, -2.43, 7.35
7.14, -2.43, 7.35
7.68, -2.43, 11.84
7.14, -2.43, 11.84
7.68, 2.69, 11.84
7.14, 2.69, 11.84
7.68, 2.69, 10.1
7.14, 2.69, 10.1
7.68, -0.18, 10.1
7.14, -0.18, 10.1
7.14, 4.32, 1.76
7.14, 6.24, 3.68
7.14, 6.24, 12.32
7.14, 4.32, 14.24
7.14, -4.32, 14.24
7.14, -6.24, 12.32
7.14, -6.24, 3.68
7.14, -4.32, 1.76
1.57, -7.68, 4.22
1.38, -7.68, 4.16
1.57, -7.14, 4.22
1.38, -7.14, 4.16
1.18, -7.68, 4.1
1.18, -7.14, 4.1
0.98, -7.68, 4.05
0.98, -7.14, 4.05
0.77, -7.68, 4.01
0.77, -7.14, 4.01
0.55, -7.68, 3.98
0.55, -7.14, 3.98
0.33, -7.68, 3.96
0.33, -7.14, 3.96
0.1, -7.68, 3.95
0.1, -7.14, 3.95
-0.13, -7.68, 3.94
-0.13, -7.14, 3.94
-0.39, -7.68, 3.95
-0.39, -7.14, 3.95
-0.64, -7.68, 3.96
-0.64, -7.14, 3.96
-0.88, -7.68, 3.99
-0.88, -7.14, 3.99
-1.11, -7.68, 4.02
-1.11, -7.14, 4.02
-1.32, -7.68, 4.07
-1.32, -7.14, 4.07
-1.53, -7.68, 4.13
-1.53, -7.14, 4.13
-1.73, -7.68, 4.19
-1.73, -7.14, 4.19
-1.91, -7.68, 4.27
-1.91, -7.14, 4.27
-2.08, -7.68, 4.36
-2.08, -7.14, 4.36
-2.25, -7.68, 4.45
-2.25, -7.14, 4.45
-2.42, -7.68, 4.56
-2.42, -7.14, 4.56
-2.58, -7.68, 4.67
-2.58, -7.14, 4.67
-2.73, -7.68, 4.8
-2.73, -7.14, 4.8
-2.87, -7.68, 4.93
-2.87, -7.14, 4.93
-3.01, -7.68, 5.07
-3.01, -7.14, 5.07
-3.15, -7.68, 5.22
-3.15, -7.14, 5.22
-1.91, -7.68, 6.39
-1.91, -7.14, 6.39
-1.73, -7.68, 6.22
-1.73, -7.14, 6.22
-1.55, -7.68, 6.07
-1.55, -7.14, 6.07
-1.35, -7.68, 5.95
-1.35, -7.14, 5.95
-1.16, -7.68, 5.84
-1.16, -7.14, 5.84
-0.95, -7.68, 5.77
-0.95, -7.14, 5.77
-0.74, -7.68, 5.71
-0.74, -7.14, 5.71
-0.53, -7.68, 5.67
-0.53, -7.14, 5.67
-0.31, -7.68, 5.66
-0.31, -7.14, 5.66
-0.18, -7.68, 5.67
-0.18, -7.14, 5.67
-0.07, -7.68, 5.68
-0.07, -7.14, 5.68
0.04, -7.68, 5.69
0.04, -7.14, 5.69
0.14, -7.68, 5.71
0.14, -7.14, 5.71
0.24, -7.68, 5.74
0.24, -7.14, 5.74
0.32, -7.68, 5.77
0.32, -7.14, 5.77
0.4, -7.68, 5.81
0.4, -7.14, 5.81
0.48, -7.68, 5.85
0.48, -7.14, 5.85
0.54, -7.68, 5.9
0.54, -7.14, 5.9
0.6, -7.68, 5.96
0.6, -7.14, 5.96
0.65, -7.68, 6.02
0.65, -7.14, 6.02
0.69, -7.68, 6.09
0.69, -7.14, 6.09
0.72, -7.68, 6.16
0.72, -7.14, 6.16
0.74, -7.68, 6.24
0.74, -7.14, 6.24
0.75, -7.68, 6.33
0.75, -7.14, 6.33
0.76, -7.68, 6.42
0.76, -7.14, 6.42
0.76, -7.68, 6.63
0.76, -7.14, 6.63
0.75, -7.68, 6.72
0.75, -7.14, 6.72
0.74, -7.68, 6.81
0.74, -7.14, 6.81
0.71, -7.68, 6.89
0.71, -7.14, 6.89
0.67, -7.68, 6.97
0.67, -7.14, 6.97
0.63, -7.68, 7.04
0.63, -7.14, 7.04
0.57, -7.68, 7.1
0.57, -7.14, 7.1
0.5, -7.68, 7.16
0.5, -7.14, 7.16
0.42, -7.68, 7.21
0.42, -7.14, 7.21
0.33, -7.68, 7.26
0.33, -7.14, 7.26
0.23, -7.68, 7.3
0.23, -7.14, 7.3
0.12, -7.68, 7.33
0.12, -7.14, 7.33
-0.0, -7.68, 7.36
-0.0, -7.14, 7.36
-0.13, -7.68, 7.38
-0.13, -7.14, 7.38
-0.28, -7.68, 7.4
-0.28, -7.14, 7.4
-0.43, -7.68, 7.4
-0.43, -7.14, 7.4
-0.59, -7.68, 7.41
-0.59, -7.14, 7.41
-1.08, -7.68, 7.41
-1.08, -7.14, 7.41
-1.08, -7.68, 8.98
-1.08, -7.14, 8.98
-0.59, -7.68, 8.98
-0.59, -7.14, 8.98
-0.46, -7.68, 8.98
-0.46, -7.14, 8.98
-0.33, -7.68, 8.99
-0.33, -7.14, 8.99
-0.21, -7.68, 9.0
-0.21, -7.14, 9.0
-0.1, -7.68, 9.02
-0.1, -7.14, 9.02
-0.0, -7.68, 9.04
-0.0, -7.14, 9.04
0.09, -7.68, 9.07
0.09, -7.14, 9.07
0.17, -7.68, 9.1
0.17, -7.14, 9.1
0.25, -7.68, 9.14
0.25, -7.14, 9.14
0.31, -7.68, 9.18
0.31, -7.14, 9.18
0.37, -7.68, 9.23
0.37, -7.14, 9.23
0.42, -7.68, 9.28
0.42, -7.14, 9.28
0.46, -7.68, 9.33
0.46, -7.14, 9.33
0.49, -7.68, 9.4
0.49, -7.14, 9.4
0.51, -7.68, 9.46
0.51, -7.14, 9.46
0.52, -7.68, 9.54
0.52, -7.14, 9.54
0.53, -7.68, 9.61
0.53, -7.14, 9.61
0.53, -7.68, 9.83
0.53, -7.14, 9.83
0.51, -7.68, 9.97
0.51, -7.14, 9.97
0.47, -7.68, 10.08
0.47, -7.14, 10.08
0.41, -7.68, 10.19
0.41, -7.14, 10.19
0.31, -7.68, 10.27
0.31, -7.14, 10.27
0.2, -7.68, 10.34
0.2, -7.14, 10.34
0.06, -7.68, 10.39
0.06, -7.14, 10.39
-0.1, -7.68, 10.42
-0.1, -7.14, 10.42
-0.29, -7.68, 10.43
-0.29, -7.14, 10.43
-0.48, -7.68, 10.41
-0.48, -7.14, 10.41
-0.67, -7.68, 10.38
-0.67, -7.14, 10.38
-0.86, -7.68, 10.33
-0.86, -7.14, 10.33
-1.04, -7.68, 10.26
-1.04, -7.14, 10.26
-1.23, -7.68, 10.17
-1.23, -7.14, 10.17
-1.42, -7.68, 10.04
-1.42, -7.14, 10.04
-1.62, -7.68, 9.9
-1.62, -7.14, 9.9
-1.82, -7.68, 9.72
-1.82, -7.14, 9.72
-2.96, -7.68, 10.84
-2.96, -7.14, 10.84
-2.81, -7.68, 10.99
-2.81, -7.14, 10.99
-2.66, -7.68, 11.12
-2.66, -7.14, 11.12
-2.5, -7.68, 11.25
-2.5, -7.14, 11.25
-2.34, -7.68, 11.36
-2.34, -7.14, 11.36
-2.18, -7.68, 11.47
-2.18, -7.14, 11.47
-2.01, -7.68, 11.57
-2.01, -7.14, 11.57
-1.85, -7.68, 11.66
-1.85, -7.14, 11.66
-1.68, -7.68, 11.75
-1.68, -7.14, 11.75
-1.5, -7.68, 11.82
-1.5, -7.14, 11.82
-1.32, -7.68, 11.88
-1.32, -7.14, 11.88
-1.12, -7.68, 11.94
-1.12, -7.14, 11.94
-0.91, -7.68, 11.98
-0.91, -7.14, 11.98
-0.69, -7.68, 12.02
-0.69, -7.14, 12.02
-0.45, -7.68, 12.04
-0.45, -7.14, 12.04
-0.21, -7.68, 12.05
-0.21, -7.14, 12.05
0.04, -7.68, 12.06
0.04, -7.14, 12.06
0.24, -7.68, 12.06
0.24, -7.14, 12.06
0.43, -7.68, 12.04
0.43, -7.14, 12.04
0.62, -7.68, 12.02
0.62, -7.14, 12.02
0.81, -7.68, 12.0
0.81, -7.14, 12.0
0.99, -7.68, 11.96
0.99, -7.14, 11.96
1.16, -7.68, 11.92
1.16, -7.14, 11.92
1.33, -7.68, 11.87
1.33, -7.14, 11.87
1.49, -7.68, 11.81
1.49, -7.14, 11.81
1.65, -7.68, 11.74
1.65, -7.14, 11.74
1.8, -7.68, 11.67
1.8, -7.14, 11.67
1.94, -7.68, 11.59
1.94, -7.14, 11.59
2.07, -7.68, 11.51
2.07, -7.14, 11.51
2.19, -7.68, 11.42
2.19, -7.14, 11.42
2.31, -7.68, 11.33
2.31, -7.14, 11.33
2.41, -7.68, 11.23
2.41, -7.14, 11.23
2.51, -7.68, 11.12
2.51, -7.14, 11.12
2.59, -7.68, 11.01
2.59, -7.14, 11.01
2.67, -7.68, 10.9
2.67, -7.14, 10.9
2.73, -7.68, 10.79
2.73, -7.14, 10.79
2.78, -7.68, 10.67
2.78, -7.14, 10.67
2.82, -7.68, 10.55
2.82, -7.14, 10.55
2.85, -7.68, 10.43
2.85, -7.14, 10.43
2.87, -7.68, 10.3
2.87, -7.14, 10.3
2.87, -7.68, 10.17
2.87, -7.14, 10.17
2.87, -7.68, 9.72
2.87, -7.14, 9.72
2.87, -7.68, 9.6
2.87, -7.14, 9.6
2.85, -7.68, 9.49
2.85, -7.14, 9.49
2.82, -7.68, 9.37
2.82, -7.14, 9.37
2.77, -7.68, 9.26
2.77, -7.14, 9.26
2.71, -7.68, 9.15
2.71, -7.14, 9.15
2.64, -7.68, 9.05
2.64, -7.14, 9.05
2.56, -7.68, 8.94
2.56, -7.14, 8.94
2.46, -7.68, 8.84
2.46, -7.14, 8.84
2.36, -7.68, 8.74
2.36, -7.14, 8.74
2.24, -7.68, 8.66
2.24, -7.14, 8.66
2.12, -7.68, 8.58
2.12, -7.14, 8.58
1.99, -7.68, 8.5
1.99, -7.14, 8.5
1.86, -7.68, 8.44
1.86, -7.14, 8.44
1.71, -7.68, 8.38
1.71, -7.14, 8.38
1.56, -7.68, 8.34
1.56, -7.14, 8.34
1.4, -7.68, 8.3
1.4, -7.14, 8.3
1.59, -7.68, 8.26
1.59, -7.14, 8.26
1.76, -7.68, 8.21
1.76, -7.14, 8.21
1.93, -7.68, 8.16
1.93, -7.14, 8.16
2.09, -7.68, 8.1
2.09, -7.14, 8.1
2.24, -7.68, 8.03
2.24, -7.14, 8.03
2.38, -7.68, 7.95
2.38, -7.14, 7.95
2.52, -7.68, 7.86
2.52, -7.14, 7.86
2.65, -7.68, 7.76
2.65, -7.14, 7.76
2.77, -7.68, 7.66
2.77, -7.14, 7.66
2.87, -7.68, 7.54
2.87, -7.14, 7.54
2.95, -7.68, 7.42
2.95, -7.14, 7.42
3.02, -7.68, 7.29
3.02, -7.14, 7.29
3.08, -7.68, 7.14
3.08, -7.14, 7.14
3.12, -7.68, 6.99
3.12, -7.14, 6.99
3.14, -7.68, 6.82
3.14, -7.14, 6.82
3.15, -7.68, 6.65
3.15, -7.14, 6.65
3.15, -7.68, 6.09
3.15, -7.14, 6.09
3.14, -7.68, 5.94
3.14, -7.14, 5.94
3.12, -7.68, 5.79
3.12, -7.14, 5.79
3.09, -7.68, 5.65
3.09, -7.14, 5.65
3.04, -7.68, 5.51
3.04, -7.14, 5.51
2.99, -7.68, 5.37
2.99, -7.14, 5.37
2.91, -7.68, 5.24
2.91, -7.14, 5.24
2.83, -7.68, 5.11
2.83, -7.14, 5.11
2.73, -7.68, 4.99
2.73, -7.14, 4.99
2.62, -7.68, 4.87
2.62, -7.14, 4.87
2.5, -7.68, 4.76
2.5, -7.14, 4.76
2.37, -7.68, 4.65
2.37, -7.14, 4.65
2.23, -7.68, 4.55
2.23, -7.14, 4.55
2.08, -7.68, 4.46
2.08, -7.14, 4.46
1.92, -7.68, 4.37
1.92, -7.14, 4.37
1.75, -7.68, 4.29
1.75, -7.14, 4.29
6.24, -7.14, 3.68
6.24, -7.14, 12.32
4.32, -7.14, 14.24
-4.32, -7.14, 14.24
-6.24, -7.14, 12.32
-6.24, -7.14, 3.68
-4.32, -7.14, 1.76
4.32, -7.14, 1.76
