4528
0, 1, 2
2, 1, 3
2, 3, 4
4, 3, 5
4, 5, 6
6, 5, 7
6, 7, 8
8, 7, 9
8, 9, 10
10, 9, 11
10, 11, 12
12, 11, 13
12, 13, 14
14, 13, 15
14, 15, 16
16, 15, 17
16, 17, 18
16, 18, 19
19, 18, 20
19, 20, 21
21, 20, 22
21, 22, 23
23, 22, 24
23, 24, 25
25, 24, 26
25, 26, 27
27, 26, 28
27, 28, 29
29, 28, 30
29, 30, 31
31, 30, 32
31, 32, 33
33, 32, 34
33, 34, 35
35, 34, 36
36, 34, 37
36, 37, 38
38, 37, 39
38, 39, 40
40, 39, 41
40, 41, 42
42, 41, 43
42, 43, 44
44, 43, 45
45, 43, 46
45, 46, 47
47, 46, 48
48, 46, 49
48, 49, 50
50, 49, 51
50, 51, 52
52, 51, 26
52, 26, 24
22, 53, 24
24, 53, 52
53, 50, 52
42, 38, 40
33, 35, 54
54, 35, 55
54, 55, 56
56, 55, 0
56, 0, 2
33, 54, 56
56, 2, 57
57, 2, 4
57, 4, 58
58, 4, 6
58, 6, 59
59, 6, 8
59, 8, 60
60, 8, 10
60, 10, 61
61, 10, 12
61, 12, 62
62, 12, 14
62, 14, 19
19, 14, 16
31, 33, 57
57, 33, 56
31, 57, 58
39, 37, 34
39, 34, 32
29, 31, 58
29, 58, 59
39, 32, 63
63, 32, 30
63, 30, 64
64, 30, 28
64, 28, 51
51, 28, 26
27, 29, 59
27, 59, 60
39, 63, 41
41, 63, 65
41, 65, 46
46, 65, 49
65, 63, 64
46, 43, 41
25, 27, 60
25, 60, 61
49, 65, 64
49, 64, 51
23, 25, 61
23, 61, 62
21, 23, 62
21, 62, 19
66, 67, 68
68, 67, 69
68, 69, 70
70, 69, 71
70, 71, 72
72, 71, 73
72, 73, 74
74, 73, 75
74, 75, 76
76, 75, 77
76, 77, 78
78, 77, 79
78, 79, 80
80, 79, 81
80, 81, 82
82, 81, 83
82, 83, 84
84, 83, 85
84, 85, 86
86, 85, 87
87, 85, 88
87, 88, 89
89, 88, 90
89, 90, 91
91, 90, 92
91, 92, 93
93, 92, 94
93, 94, 95
95, 94, 96
96, 94, 97
96, 97, 98
98, 97, 99
99, 97, 100
99, 100, 101
101, 100, 102
101, 102, 103
103, 102, 77
103, 77, 75
73, 104, 75
75, 104, 103
104, 101, 103
93, 89, 91
84, 86, 105
105, 86, 106
105, 106, 107
107, 106, 108
107, 108, 109
109, 108, 110
109, 110, 111
109, 111, 112
112, 111, 113
112, 113, 114
114, 113, 115
114, 115, 116
116, 115, 117
116, 117, 118
118, 117, 119
118, 119, 120
120, 119, 121
120, 121, 122
122, 121, 66
122, 66, 68
122, 68, 70
70, 72, 123
123, 72, 74
123, 74, 124
124, 74, 76
124, 76, 125
125, 76, 78
125, 78, 126
126, 78, 80
126, 80, 127
127, 80, 82
127, 82, 128
128, 82, 84
128, 84, 107
107, 84, 105
120, 122, 123
123, 122, 70
120, 123, 124
79, 77, 102
102, 100, 129
129, 100, 130
129, 130, 131
131, 130, 92
131, 92, 90
118, 120, 124
118, 124, 125
92, 130, 97
97, 130, 100
94, 92, 97
81, 79, 129
129, 79, 102
81, 129, 131
116, 118, 125
116, 125, 126
83, 81, 131
83, 131, 90
114, 116, 126
114, 126, 127
85, 83, 90
88, 85, 90
112, 114, 127
112, 127, 128
109, 112, 128
109, 128, 107
108, 132, 110
110, 132, 133
110, 133, 134
134, 133, 135
134, 135, 136
136, 135, 137
136, 137, 22
22, 137, 53
53, 137, 138
53, 138, 50
50, 138, 139
50, 139, 48
48, 139, 140
48, 140, 47
47, 140, 141
47, 141, 45
45, 141, 142
45, 142, 143
143, 142, 144
143, 144, 145
145, 144, 146
145, 146, 89
89, 146, 87
87, 146, 147
87, 147, 86
86, 147, 148
86, 148, 106
106, 148, 149
106, 149, 108
108, 149, 132
89, 93, 145
145, 93, 150
145, 150, 143
143, 150, 96
143, 96, 45
93, 95, 150
150, 95, 96
22, 20, 136
136, 20, 151
136, 151, 134
134, 151, 17
134, 17, 110
20, 18, 151
151, 18, 17
133, 132, 152
152, 132, 149
152, 149, 153
153, 149, 148
153, 148, 154
154, 148, 147
154, 147, 155
155, 147, 146
155, 146, 144
133, 152, 135
135, 152, 156
135, 156, 137
137, 156, 138
156, 152, 153
156, 153, 157
157, 153, 154
157, 154, 158
158, 154, 155
158, 155, 159
159, 155, 144
159, 144, 142
139, 138, 157
157, 138, 156
139, 157, 158
140, 139, 158
140, 158, 159
141, 140, 159
141, 159, 142
160, 161, 162
162, 161, 163
162, 163, 164
164, 163, 165
165, 163, 166
165, 166, 167
167, 166, 168
167, 168, 169
169, 168, 170
169, 170, 171
171, 170, 172
171, 172, 173
173, 172, 174
173, 174, 175
175, 174, 176
175, 176, 177
177, 176, 178
177, 178, 179
160, 180, 161
161, 180, 181
161, 181, 163
163, 181, 182
163, 182, 166
166, 182, 183
166, 183, 168
168, 183, 184
168, 184, 170
170, 184, 185
170, 185, 172
172, 185, 186
172, 186, 174
174, 186, 187
174, 187, 176
176, 187, 188
176, 188, 178
181, 180, 189
189, 180, 190
189, 190, 191
191, 190, 192
191, 192, 193
193, 192, 194
193, 194, 195
190, 194, 192
196, 197, 195
195, 197, 198
195, 198, 193
193, 198, 199
193, 199, 191
191, 199, 200
191, 200, 181
181, 200, 182
197, 196, 201
201, 196, 202
201, 202, 203
203, 202, 204
203, 204, 205
203, 205, 206
206, 205, 207
206, 207, 208
208, 207, 209
208, 209, 210
210, 209, 211
210, 211, 187
187, 211, 188
177, 179, 212
212, 179, 213
212, 213, 214
212, 214, 215
215, 214, 216
215, 216, 217
217, 216, 218
217, 218, 173
173, 218, 171
218, 219, 171
171, 219, 169
219, 167, 169
187, 186, 210
210, 186, 220
210, 220, 208
208, 220, 221
208, 221, 206
206, 221, 222
206, 222, 203
203, 222, 201
186, 185, 220
220, 185, 223
220, 223, 221
221, 223, 224
221, 224, 222
222, 224, 198
222, 198, 201
201, 198, 197
185, 184, 223
223, 184, 225
223, 225, 224
224, 225, 199
224, 199, 198
184, 183, 225
225, 183, 200
225, 200, 199
183, 182, 200
189, 191, 181
217, 173, 175
212, 215, 177
177, 215, 175
215, 217, 175
226, 227, 228
228, 227, 229
228, 229, 230
230, 229, 231
230, 231, 232
232, 231, 233
232, 233, 234
234, 233, 235
234, 235, 236
236, 235, 237
236, 237, 238
238, 237, 239
238, 239, 240
240, 239, 241
240, 241, 242
242, 241, 243
242, 243, 244
242, 244, 245
245, 244, 246
245, 246, 247
247, 246, 248
247, 248, 249
249, 248, 250
249, 250, 251
251, 250, 252
251, 252, 253
253, 252, 254
253, 254, 255
255, 254, 256
255, 256, 257
257, 256, 258
257, 258, 259
259, 258, 260
259, 260, 261
261, 260, 262
262, 260, 263
262, 263, 264
264, 263, 265
264, 265, 266
266, 265, 267
266, 267, 268
268, 267, 269
268, 269, 270
270, 269, 271
271, 269, 272
271, 272, 273
273, 272, 274
274, 272, 275
274, 275, 276
276, 275, 277
276, 277, 278
278, 277, 252
278, 252, 250
248, 279, 250
250, 279, 278
279, 276, 278
268, 264, 266
259, 261, 280
280, 261, 281
280, 281, 282
282, 281, 226
282, 226, 228
259, 280, 282
282, 228, 283
283, 228, 230
283, 230, 284
284, 230, 232
284, 232, 285
285, 232, 234
285, 234, 286
286, 234, 236
286, 236, 287
287, 236, 238
287, 238, 288
288, 238, 240
288, 240, 245
245, 240, 242
257, 259, 283
283, 259, 282
257, 283, 284
265, 263, 260
265, 260, 258
255, 257, 284
255, 284, 285
265, 258, 289
289, 258, 256
289, 256, 290
290, 256, 254
290, 254, 277
277, 254, 252
253, 255, 285
253, 285, 286
265, 289, 267
267, 289, 291
267, 291, 272
272, 291, 275
291, 289, 290
272, 269, 267
251, 253, 286
251, 286, 287
275, 291, 290
275, 290, 277
249, 251, 287
249, 287, 288
247, 249, 288
247, 288, 245
292, 293, 294
294, 293, 295
294, 295, 296
296, 295, 297
296, 297, 298
298, 297, 299
298, 299, 300
300, 299, 301
300, 301, 302
302, 301, 303
302, 303, 304
304, 303, 305
304, 305, 306
306, 305, 307
306, 307, 308
308, 307, 309
308, 309, 310
310, 309, 311
310, 311, 312
312, 311, 313
313, 311, 314
313, 314, 315
315, 314, 316
315, 316, 317
317, 316, 318
317, 318, 319
319, 318, 320
319, 320, 321
321, 320, 322
322, 320, 323
322, 323, 324
324, 323, 325
325, 323, 326
325, 326, 327
327, 326, 328
327, 328, 329
329, 328, 303
329, 303, 301
299, 330, 301
301, 330, 329
330, 327, 329
319, 315, 317
310, 312, 331
331, 312, 332
331, 332, 333
333, 332, 334
333, 334, 335
335, 334, 336
335, 336, 337
335, 337, 338
338, 337, 339
338, 339, 340
340, 339, 341
340, 341, 342
342, 341, 343
342, 343, 344
344, 343, 345
344, 345, 346
346, 345, 347
346, 347, 348
348, 347, 292
348, 292, 294
348, 294, 296
296, 298, 349
349, 298, 300
349, 300, 350
350, 300, 302
350, 302, 351
351, 302, 304
351, 304, 352
352, 304, 306
352, 306, 353
353, 306, 308
353, 308, 354
354, 308, 310
354, 310, 333
333, 310, 331
346, 348, 349
349, 348, 296
346, 349, 350
305, 303, 328
328, 326, 355
355, 326, 356
355, 356, 357
357, 356, 318
357, 318, 316
344, 346, 350
344, 350, 351
318, 356, 323
323, 356, 326
320, 318, 323
307, 305, 355
355, 305, 328
307, 355, 357
342, 344, 351
342, 351, 352
309, 307, 357
309, 357, 316
340, 342, 352
340, 352, 353
311, 309, 316
314, 311, 316
338, 340, 353
338, 353, 354
335, 338, 354
335, 354, 333
273, 358, 271
271, 358, 359
271, 359, 360
360, 359, 361
360, 361, 362
362, 361, 363
362, 363, 315
315, 363, 313
313, 363, 364
313, 364, 312
312, 364, 365
312, 365, 332
332, 365, 366
332, 366, 334
334, 366, 367
334, 367, 336
336, 367, 368
336, 368, 369
369, 368, 370
369, 370, 371
371, 370, 372
371, 372, 248
248, 372, 279
279, 372, 373
279, 373, 276
276, 373, 374
276, 374, 274
274, 374, 375
274, 375, 273
273, 375, 358
248, 246, 371
371, 246, 376
371, 376, 369
369, 376, 243
369, 243, 336
246, 244, 376
376, 244, 243
315, 319, 362
362, 319, 377
362, 377, 360
360, 377, 322
360, 322, 271
319, 321, 377
377, 321, 322
359, 358, 378
378, 358, 375
378, 375, 379
379, 375, 374
379, 374, 380
380, 374, 373
380, 373, 381
381, 373, 372
381, 372, 370
359, 378, 361
361, 378, 382
361, 382, 363
363, 382, 364
382, 378, 379
382, 379, 383
383, 379, 380
383, 380, 384
384, 380, 381
384, 381, 385
385, 381, 370
385, 370, 368
365, 364, 383
383, 364, 382
365, 383, 384
366, 365, 384
366, 384, 385
367, 366, 385
367, 385, 368
386, 387, 388
388, 387, 389
388, 389, 390
390, 389, 391
391, 389, 392
391, 392, 393
393, 392, 394
393, 394, 395
395, 394, 396
395, 396, 397
397, 396, 398
397, 398, 399
399, 398, 400
399, 400, 401
401, 400, 402
401, 402, 403
403, 402, 404
403, 404, 405
386, 406, 387
387, 406, 407
387, 407, 408
408, 407, 409
408, 409, 410
410, 409, 411
410, 411, 412
412, 411, 413
412, 413, 414
414, 413, 415
414, 415, 416
416, 415, 417
416, 417, 418
418, 417, 419
418, 419, 420
406, 421, 407
407, 421, 409
409, 421, 422
422, 421, 423
422, 423, 424
424, 423, 425
424, 425, 426
426, 425, 427
426, 427, 428
428, 427, 429
428, 429, 430
425, 429, 427
428, 430, 431
431, 430, 432
431, 432, 433
431, 433, 434
434, 433, 435
434, 435, 417
417, 435, 419
418, 420, 436
436, 420, 437
436, 437, 402
402, 437, 404
403, 405, 438
438, 405, 439
438, 439, 440
438, 440, 441
441, 440, 442
441, 442, 443
443, 442, 444
443, 444, 399
399, 444, 397
444, 445, 397
397, 445, 395
445, 393, 395
416, 418, 446
446, 418, 436
446, 436, 400
400, 436, 402
414, 416, 447
447, 416, 446
447, 446, 398
398, 446, 400
412, 414, 448
448, 414, 447
448, 447, 396
396, 447, 398
410, 412, 449
449, 412, 448
449, 448, 394
394, 448, 396
408, 410, 450
450, 410, 449
450, 449, 392
392, 449, 394
387, 408, 389
389, 408, 450
389, 450, 392
422, 424, 409
409, 424, 411
424, 426, 411
411, 426, 413
434, 417, 415
415, 413, 451
451, 413, 426
451, 426, 428
431, 434, 451
451, 434, 415
431, 451, 428
443, 399, 401
438, 441, 403
403, 441, 401
441, 443, 401
179, 452, 213
213, 452, 453
213, 453, 454
454, 453, 455
454, 455, 456
456, 455, 457
456, 457, 419
419, 457, 420
420, 457, 458
420, 458, 437
437, 458, 459
437, 459, 404
404, 459, 460
404, 460, 405
405, 460, 461
405, 461, 439
439, 461, 462
439, 462, 463
463, 462, 464
463, 464, 465
465, 464, 466
465, 466, 209
209, 466, 211
211, 466, 467
211, 467, 188
188, 467, 468
188, 468, 178
178, 468, 469
178, 469, 179
179, 469, 452
209, 207, 465
465, 207, 470
465, 470, 463
463, 470, 204
463, 204, 439
207, 205, 470
470, 205, 204
419, 435, 456
456, 435, 471
456, 471, 454
454, 471, 432
454, 432, 213
435, 433, 471
471, 433, 432
453, 452, 472
472, 452, 469
472, 469, 473
473, 469, 468
473, 468, 474
474, 468, 467
474, 467, 475
475, 467, 466
475, 466, 464
453, 472, 455
455, 472, 476
455, 476, 457
457, 476, 458
476, 472, 473
476, 473, 477
477, 473, 474
477, 474, 478
478, 474, 475
478, 475, 479
479, 475, 464
479, 464, 462
459, 458, 477
477, 458, 476
459, 477, 478
460, 459, 478
460, 478, 479
461, 460, 479
461, 479, 462
98, 480, 96
96, 480, 481
96, 481, 482
482, 481, 483
482, 483, 484
484, 483, 485
484, 485, 444
444, 485, 445
445, 485, 486
445, 486, 393
393, 486, 487
393, 487, 391
391, 487, 488
391, 488, 390
390, 488, 489
390, 489, 388
388, 489, 490
388, 490, 491
491, 490, 492
491, 492, 493
493, 492, 494
493, 494, 73
73, 494, 104
104, 494, 495
104, 495, 101
101, 495, 496
101, 496, 99
99, 496, 497
99, 497, 98
98, 497, 480
73, 71, 493
493, 71, 498
493, 498, 491
491, 498, 67
491, 67, 388
71, 69, 498
498, 69, 67
444, 442, 484
484, 442, 499
484, 499, 482
482, 499, 439
482, 439, 96
442, 440, 499
499, 440, 439
481, 480, 500
500, 480, 497
500, 497, 501
501, 497, 496
501, 496, 502
502, 496, 495
502, 495, 503
503, 495, 494
503, 494, 492
481, 500, 483
483, 500, 504
483, 504, 485
485, 504, 486
504, 500, 501
504, 501, 505
505, 501, 502
505, 502, 506
506, 502, 503
506, 503, 507
507, 503, 492
507, 492, 490
487, 486, 505
505, 486, 504
487, 505, 506
488, 487, 506
488, 506, 507
489, 488, 507
489, 507, 490
508, 509, 510
510, 509, 511
510, 511, 512
512, 511, 513
513, 511, 514
513, 514, 515
515, 514, 516
515, 516, 517
517, 516, 518
517, 518, 519
519, 518, 520
519, 520, 521
521, 520, 522
521, 522, 523
523, 522, 524
523, 524, 525
525, 524, 526
525, 526, 527
508, 528, 509
509, 528, 529
509, 529, 511
511, 529, 530
511, 530, 514
514, 530, 531
514, 531, 516
516, 531, 532
516, 532, 518
518, 532, 533
518, 533, 520
520, 533, 534
520, 534, 522
522, 534, 535
522, 535, 524
524, 535, 536
524, 536, 526
529, 528, 537
537, 528, 538
537, 538, 539
539, 538, 540
539, 540, 541
541, 540, 542
541, 542, 543
538, 542, 540
544, 545, 543
543, 545, 546
543, 546, 541
541, 546, 547
541, 547, 539
539, 547, 548
539, 548, 529
529, 548, 530
545, 544, 549
549, 544, 550
549, 550, 551
551, 550, 552
551, 552, 553
551, 553, 554
554, 553, 555
554, 555, 556
556, 555, 557
556, 557, 558
558, 557, 559
558, 559, 535
535, 559, 536
525, 527, 560
560, 527, 561
560, 561, 562
560, 562, 563
563, 562, 564
563, 564, 565
565, 564, 566
565, 566, 521
521, 566, 519
566, 567, 519
519, 567, 517
567, 515, 517
535, 534, 558
558, 534, 568
558, 568, 556
556, 568, 569
556, 569, 554
554, 569, 570
554, 570, 551
551, 570, 549
534, 533, 568
568, 533, 571
568, 571, 569
569, 571, 572
569, 572, 570
570, 572, 546
570, 546, 549
549, 546, 545
533, 532, 571
571, 532, 573
571, 573, 572
572, 573, 547
572, 547, 546
532, 531, 573
573, 531, 548
573, 548, 547
531, 530, 548
537, 539, 529
565, 521, 523
560, 563, 525
525, 563, 523
563, 565, 523
574, 575, 576
576, 575, 577
576, 577, 578
578, 577, 579
578, 579, 580
580, 579, 581
580, 581, 582
582, 581, 583
582, 583, 584
584, 583, 585
584, 585, 586
586, 585, 587
586, 587, 588
588, 587, 589
588, 589, 590
590, 589, 591
590, 591, 592
590, 592, 593
593, 592, 594
593, 594, 595
595, 594, 596
595, 596, 597
597, 596, 598
597, 598, 599
599, 598, 600
599, 600, 601
601, 600, 602
601, 602, 603
603, 602, 604
603, 604, 605
605, 604, 606
605, 606, 607
607, 606, 608
607, 608, 609
609, 608, 610
610, 608, 611
610, 611, 612
612, 611, 613
612, 613, 614
614, 613, 615
614, 615, 616
616, 615, 617
616, 617, 618
618, 617, 619
619, 617, 620
620, 617, 621
620, 621, 622
622, 621, 623
622, 623, 624
624, 623, 600
624, 600, 598
596, 625, 598
598, 625, 624
625, 622, 624
618, 626, 616
616, 626, 627
616, 627, 614
614, 627, 612
607, 609, 628
628, 609, 629
628, 629, 630
630, 629, 574
630, 574, 576
607, 628, 630
630, 576, 631
631, 576, 578
631, 578, 632
632, 578, 580
632, 580, 633
633, 580, 582
633, 582, 634
634, 582, 584
634, 584, 635
635, 584, 586
635, 586, 636
636, 586, 588
636, 588, 593
593, 588, 590
605, 607, 631
631, 607, 630
605, 631, 632
613, 611, 608
613, 608, 606
603, 605, 632
603, 632, 633
613, 606, 637
637, 606, 604
637, 604, 638
638, 604, 602
638, 602, 623
623, 602, 600
601, 603, 633
601, 633, 634
613, 637, 615
615, 637, 639
615, 639, 617
617, 639, 621
639, 637, 638
599, 601, 634
599, 634, 635
621, 639, 638
621, 638, 623
597, 599, 635
597, 635, 636
595, 597, 636
595, 636, 593
527, 640, 561
561, 640, 641
561, 641, 642
642, 641, 643
642, 643, 644
644, 643, 645
644, 645, 596
596, 645, 625
625, 645, 646
625, 646, 622
622, 646, 647
622, 647, 620
620, 647, 648
620, 648, 619
619, 648, 649
619, 649, 618
618, 649, 650
618, 650, 651
651, 650, 652
651, 652, 653
653, 652, 654
653, 654, 557
557, 654, 559
559, 654, 655
559, 655, 536
536, 655, 656
536, 656, 526
526, 656, 657
526, 657, 527
527, 657, 640
557, 555, 653
653, 555, 658
653, 658, 651
651, 658, 552
651, 552, 618
555, 553, 658
658, 553, 552
596, 594, 644
644, 594, 659
644, 659, 642
642, 659, 591
642, 591, 561
594, 592, 659
659, 592, 591
641, 640, 660
660, 640, 657
660, 657, 661
661, 657, 656
661, 656, 662
662, 656, 655
662, 655, 663
663, 655, 654
663, 654, 652
641, 660, 643
643, 660, 664
643, 664, 645
645, 664, 646
664, 660, 661
664, 661, 665
665, 661, 662
665, 662, 666
666, 662, 663
666, 663, 667
667, 663, 652
667, 652, 650
647, 646, 665
665, 646, 664
647, 665, 666
648, 647, 666
648, 666, 667
649, 648, 667
649, 667, 650
430, 668, 432
432, 668, 669
432, 669, 670
670, 669, 671
670, 671, 672
672, 671, 673
672, 673, 612
612, 673, 610
610, 673, 674
610, 674, 609
609, 674, 675
609, 675, 629
629, 675, 676
629, 676, 574
574, 676, 677
574, 677, 575
575, 677, 678
575, 678, 679
679, 678, 680
679, 680, 681
681, 680, 682
681, 682, 421
421, 682, 423
423, 682, 683
423, 683, 425
425, 683, 684
425, 684, 429
429, 684, 685
429, 685, 430
430, 685, 668
421, 406, 681
681, 406, 686
681, 686, 679
679, 686, 388
679, 388, 575
406, 386, 686
686, 386, 388
612, 627, 672
672, 627, 687
672, 687, 670
670, 687, 618
670, 618, 432
627, 626, 687
687, 626, 618
669, 668, 688
688, 668, 685
688, 685, 689
689, 685, 684
689, 684, 690
690, 684, 683
690, 683, 691
691, 683, 682
691, 682, 680
669, 688, 671
671, 688, 692
671, 692, 673
673, 692, 674
692, 688, 689
692, 689, 693
693, 689, 690
693, 690, 694
694, 690, 691
694, 691, 695
695, 691, 680
695, 680, 678
675, 674, 693
693, 674, 692
675, 693, 694
676, 675, 694
676, 694, 695
677, 676, 695
677, 695, 678
589, 696, 591
591, 696, 697
591, 697, 698
698, 697, 699
698, 699, 700
700, 699, 701
700, 701, 341
341, 701, 343
343, 701, 702
343, 702, 345
345, 702, 703
345, 703, 347
347, 703, 704
347, 704, 292
292, 704, 705
292, 705, 293
293, 705, 706
293, 706, 707
707, 706, 708
707, 708, 709
709, 708, 710
709, 710, 581
581, 710, 583
583, 710, 711
583, 711, 585
585, 711, 712
585, 712, 587
587, 712, 713
587, 713, 589
589, 713, 696
581, 579, 709
709, 579, 714
709, 714, 707
707, 714, 575
707, 575, 293
579, 577, 714
714, 577, 575
341, 339, 700
700, 339, 715
700, 715, 698
698, 715, 336
698, 336, 591
339, 337, 715
715, 337, 336
697, 696, 716
716, 696, 713
716, 713, 717
717, 713, 712
717, 712, 718
718, 712, 711
718, 711, 719
719, 711, 710
719, 710, 708
697, 716, 699
699, 716, 720
699, 720, 701
701, 720, 702
720, 716, 717
720, 717, 721
721, 717, 718
721, 718, 722
722, 718, 719
722, 719, 723
723, 719, 708
723, 708, 706
703, 702, 721
721, 702, 720
703, 721, 722
704, 703, 722
704, 722, 723
705, 704, 723
705, 723, 706
241, 724, 243
243, 724, 725
243, 725, 726
726, 725, 727
726, 727, 728
728, 727, 729
728, 729, 566
566, 729, 567
567, 729, 730
567, 730, 515
515, 730, 731
515, 731, 513
513, 731, 732
513, 732, 512
512, 732, 733
512, 733, 510
510, 733, 734
510, 734, 735
735, 734, 736
735, 736, 737
737, 736, 738
737, 738, 233
233, 738, 235
235, 738, 739
235, 739, 237
237, 739, 740
237, 740, 239
239, 740, 741
239, 741, 241
241, 741, 724
233, 231, 737
737, 231, 742
737, 742, 735
735, 742, 227
735, 227, 510
231, 229, 742
742, 229, 227
566, 564, 728
728, 564, 743
728, 743, 726
726, 743, 561
726, 561, 243
564, 562, 743
743, 562, 561
725, 724, 744
744, 724, 741
744, 741, 745
745, 741, 740
745, 740, 746
746, 740, 739
746, 739, 747
747, 739, 738
747, 738, 736
725, 744, 727
727, 744, 748
727, 748, 729
729, 748, 730
748, 744, 745
748, 745, 749
749, 745, 746
749, 746, 750
750, 746, 747
750, 747, 751
751, 747, 736
751, 736, 734
731, 730, 749
749, 730, 748
731, 749, 750
732, 731, 750
732, 750, 751
733, 732, 751
733, 751, 734
550, 752, 552
552, 752, 753
552, 753, 754
754, 753, 755
754, 755, 756
756, 755, 757
756, 757, 218
218, 757, 219
219, 757, 758
219, 758, 167
167, 758, 759
167, 759, 165
165, 759, 760
165, 760, 164
164, 760, 761
164, 761, 162
162, 761, 762
162, 762, 763
763, 762, 764
763, 764, 765
765, 764, 766
765, 766, 538
538, 766, 542
542, 766, 767
542, 767, 543
543, 767, 768
543, 768, 544
544, 768, 769
544, 769, 550
550, 769, 752
538, 528, 765
765, 528, 770
765, 770, 763
763, 770, 510
763, 510, 162
528, 508, 770
770, 508, 510
218, 216, 756
756, 216, 771
756, 771, 754
754, 771, 213
754, 213, 552
216, 214, 771
771, 214, 213
753, 752, 772
772, 752, 769
772, 769, 773
773, 769, 768
773, 768, 774
774, 768, 767
774, 767, 775
775, 767, 766
775, 766, 764
753, 772, 755
755, 772, 776
755, 776, 757
757, 776, 758
776, 772, 773
776, 773, 777
777, 773, 774
777, 774, 778
778, 774, 775
778, 775, 779
779, 775, 764
779, 764, 762
759, 758, 777
777, 758, 776
759, 777, 778
760, 759, 778
760, 778, 779
761, 760, 779
761, 779, 762
324, 780, 322
322, 780, 781
322, 781, 782
782, 781, 783
782, 783, 784
784, 783, 785
784, 785, 115
115, 785, 117
117, 785, 786
117, 786, 119
119, 786, 787
119, 787, 121
121, 787, 788
121, 788, 66
66, 788, 789
66, 789, 67
67, 789, 790
67, 790, 791
791, 790, 792
791, 792, 793
793, 792, 794
793, 794, 299
299, 794, 330
330, 794, 795
330, 795, 327
327, 795, 796
327, 796, 325
325, 796, 797
325, 797, 324
324, 797, 780
299, 297, 793
793, 297, 798
793, 798, 791
791, 798, 293
791, 293, 67
297, 295, 798
798, 295, 293
115, 113, 784
784, 113, 799
784, 799, 782
782, 799, 110
782, 110, 322
113, 111, 799
799, 111, 110
781, 780, 800
800, 780, 797
800, 797, 801
801, 797, 796
801, 796, 802
802, 796, 795
802, 795, 803
803, 795, 794
803, 794, 792
781, 800, 783
783, 800, 804
783, 804, 785
785, 804, 786
804, 800, 801
804, 801, 805
805, 801, 802
805, 802, 806
806, 802, 803
806, 803, 807
807, 803, 792
807, 792, 790
787, 786, 805
805, 786, 804
787, 805, 806
788, 787, 806
788, 806, 807
789, 788, 807
789, 807, 790
15, 808, 17
17, 808, 809
17, 809, 810
810, 809, 811
810, 811, 812
812, 811, 813
812, 813, 264
264, 813, 262
262, 813, 814
262, 814, 261
261, 814, 815
261, 815, 281
281, 815, 816
281, 816, 226
226, 816, 817
226, 817, 227
227, 817, 818
227, 818, 819
819, 818, 820
819, 820, 821
821, 820, 822
821, 822, 7
7, 822, 9
9, 822, 823
9, 823, 11
11, 823, 824
11, 824, 13
13, 824, 825
13, 825, 15
15, 825, 808
7, 5, 821
821, 5, 826
821, 826, 819
819, 826, 1
819, 1, 227
5, 3, 826
826, 3, 1
264, 268, 812
812, 268, 827
812, 827, 810
810, 827, 271
810, 271, 17
268, 270, 827
827, 270, 271
809, 808, 828
828, 808, 825
828, 825, 829
829, 825, 824
829, 824, 830
830, 824, 823
830, 823, 831
831, 823, 822
831, 822, 820
809, 828, 811
811, 828, 832
811, 832, 813
813, 832, 814
832, 828, 829
832, 829, 833
833, 829, 830
833, 830, 834
834, 830, 831
834, 831, 835
835, 831, 820
835, 820, 818
815, 814, 833
833, 814, 832
815, 833, 834
816, 815, 834
816, 834, 835
817, 816, 835
817, 835, 818
202, 836, 204
204, 836, 837
204, 837, 838
838, 837, 839
838, 839, 840
840, 839, 841
840, 841, 38
38, 841, 36
36, 841, 842
36, 842, 35
35, 842, 843
35, 843, 55
55, 843, 844
55, 844, 0
0, 844, 845
0, 845, 1
1, 845, 846
1, 846, 847
847, 846, 848
847, 848, 849
849, 848, 850
849, 850, 190
190, 850, 194
194, 850, 851
194, 851, 195
195, 851, 852
195, 852, 196
196, 852, 853
196, 853, 202
202, 853, 836
190, 180, 849
849, 180, 854
849, 854, 847
847, 854, 162
847, 162, 1
180, 160, 854
854, 160, 162
38, 42, 840
840, 42, 855
840, 855, 838
838, 855, 45
838, 45, 204
42, 44, 855
855, 44, 45
837, 836, 856
856, 836, 853
856, 853, 857
857, 853, 852
857, 852, 858
858, 852, 851
858, 851, 859
859, 851, 850
859, 850, 848
837, 856, 839
839, 856, 860
839, 860, 841
841, 860, 842
860, 856, 857
860, 857, 861
861, 857, 858
861, 858, 862
862, 858, 859
862, 859, 863
863, 859, 848
863, 848, 846
843, 842, 861
861, 842, 860
843, 861, 862
844, 843, 862
844, 862, 863
845, 844, 863
845, 863, 846
864, 865, 110
110, 865, 866
110, 866, 867
110, 867, 322
322, 867, 868
322, 868, 869
322, 869, 271
271, 869, 870
271, 870, 871
271, 871, 17
17, 871, 864
17, 864, 110
872, 439, 873
873, 439, 204
873, 204, 874
874, 204, 45
874, 45, 875
875, 45, 876
876, 45, 96
876, 96, 877
877, 96, 878
878, 96, 439
878, 439, 879
879, 439, 872
880, 881, 293
293, 881, 882
293, 882, 67
67, 882, 883
67, 883, 884
67, 884, 388
388, 884, 885
388, 885, 575
575, 885, 886
575, 886, 887
887, 880, 575
575, 880, 293
888, 213, 889
889, 213, 432
889, 432, 890
890, 432, 891
891, 432, 618
891, 618, 892
892, 618, 893
893, 618, 894
894, 618, 552
894, 552, 895
895, 552, 213
895, 213, 888
896, 336, 897
897, 336, 243
897, 243, 898
898, 243, 561
898, 561, 899
899, 561, 900
900, 561, 591
900, 591, 901
901, 591, 902
902, 591, 336
902, 336, 903
903, 336, 896
904, 905, 162
162, 905, 906
162, 906, 1
1, 906, 907
1, 907, 227
227, 907, 908
227, 908, 909
909, 910, 227
227, 910, 510
510, 910, 911
510, 911, 904
510, 904, 162
912, 913, 914
914, 913, 915
913, 916, 915
915, 916, 917
916, 918, 917
917, 918, 919
918, 920, 919
919, 920, 921
920, 922, 921
921, 922, 923
922, 924, 923
923, 924, 925
924, 926, 925
925, 926, 927
926, 928, 927
927, 928, 929
928, 930, 929
929, 930, 931
930, 932, 931
931, 932, 933
932, 912, 933
933, 912, 914
882, 881, 934
934, 881, 935
881, 880, 935
935, 880, 936
880, 887, 936
936, 887, 937
887, 886, 937
937, 886, 938
886, 885, 938
938, 885, 939
885, 884, 939
939, 884, 940
884, 883, 940
940, 883, 941
883, 882, 941
941, 882, 934
914, 915, 933
933, 915, 937
933, 937, 938
937, 915, 936
936, 915, 917
936, 917, 935
935, 917, 919
935, 919, 934
934, 919, 941
941, 919, 921
941, 921, 927
927, 921, 923
927, 923, 925
927, 929, 941
941, 929, 940
940, 929, 939
939, 929, 931
939, 931, 938
938, 931, 933
942, 943, 944
944, 943, 945
945, 943, 946
945, 946, 947
947, 946, 948
947, 948, 949
949, 948, 950
949, 950, 951
951, 950, 952
951, 952, 953
953, 952, 954
953, 954, 955
955, 954, 956
955, 956, 957
957, 956, 958
957, 958, 959
958, 960, 959
959, 960, 961
961, 960, 962
961, 962, 963
963, 962, 964
963, 964, 965
965, 964, 966
965, 966, 967
967, 966, 968
967, 968, 969
969, 968, 970
969, 970, 971
971, 970, 972
971, 972, 973
973, 972, 974
973, 974, 975
974, 976, 975
975, 976, 977
977, 976, 978
977, 978, 979
979, 978, 980
979, 980, 981
981, 980, 982
981, 982, 983
983, 982, 984
983, 984, 985
985, 984, 986
985, 986, 987
987, 986, 988
987, 988, 989
989, 988, 990
989, 990, 991
990, 992, 991
991, 992, 993
993, 992, 994
993, 994, 995
995, 994, 996
995, 996, 997
997, 996, 998
997, 998, 999
999, 998, 1000
999, 1000, 1001
1001, 1000, 1002
1001, 1002, 1003
1003, 1002, 1004
1003, 1004, 1005
1005, 1004, 1006
1005, 1006, 1007
1006, 1008, 1007
1007, 1008, 1009
1008, 1010, 1009
1009, 1010, 1011
1011, 1010, 1012
1011, 1012, 1013
1013, 1012, 1014
1013, 1014, 1015
1015, 1014, 1016
1015, 1016, 1017
1017, 1016, 1018
1017, 1018, 1019
1019, 1018, 1020
1019, 1020, 1021
1021, 1020, 1022
1021, 1022, 1023
1023, 1022, 1024
1023, 1024, 1025
1024, 1026, 1025
1025, 1026, 1027
1027, 1026, 1028
1027, 1028, 1029
1029, 1028, 1030
1029, 1030, 1031
1031, 1030, 1032
1031, 1032, 1033
1033, 1032, 1034
1033, 1034, 1035
1035, 1034, 1036
1035, 1036, 1037
1037, 1036, 1038
1037, 1038, 1039
1039, 1038, 1040
1039, 1040, 1041
1040, 1042, 1041
1041, 1042, 1043
1043, 1042, 1044
1043, 1044, 1045
1045, 1044, 1046
1045, 1046, 1047
1047, 1046, 1048
1047, 1048, 1049
1049, 1048, 1050
1049, 1050, 1051
1051, 1050, 1052
1051, 1052, 1053
1053, 1052, 1054
1053, 1054, 1055
1055, 1054, 1056
1055, 1056, 1057
1056, 1058, 1057
1057, 1058, 1059
1059, 1058, 1060
1059, 1060, 1061
1061, 1060, 1062
1061, 1062, 1063
1063, 1062, 1064
1063, 1064, 1065
1065, 1064, 1066
1065, 1066, 1067
1067, 1066, 1068
1067, 1068, 1069
1069, 1068, 1070
1069, 1070, 1071
1071, 1070, 1072
1071, 1072, 1073
1073, 1072, 1074
1073, 1074, 1075
1075, 1074, 1076
1075, 1076, 1077
1077, 1076, 1078
1077, 1078, 1079
1079, 1078, 1080
1079, 1080, 1081
1081, 1080, 1082
1081, 1082, 1083
1083, 1082, 1084
1083, 1084, 1085
1085, 1084, 1086
1085, 1086, 1087
1087, 1086, 1088
1087, 1088, 1089
1088, 1090, 1089
1089, 1090, 1091
1091, 1090, 1092
1091, 1092, 1093
1093, 1092, 1094
1093, 1094, 1095
1095, 1094, 1096
1095, 1096, 1097
1097, 1096, 1098
1097, 1098, 1099
1099, 1098, 1100
1099, 1100, 1101
1101, 1100, 1102
1101, 1102, 1103
1103, 1102, 1104
1103, 1104, 1105
1104, 1106, 1105
1105, 1106, 1107
1106, 1108, 1107
1107, 1108, 1109
1109, 1108, 1110
1109, 1110, 1111
1111, 1110, 1112
1111, 1112, 1113
1113, 1112, 1114
1113, 1114, 1115
1115, 1114, 1116
1115, 1116, 1117
1117, 1116, 1118
1117, 1118, 1119
1119, 1118, 1120
1119, 1120, 1121
1121, 1120, 1122
1121, 1122, 1123
1123, 1122, 1124
1123, 1124, 1125
1125, 1124, 1126
1125, 1126, 1127
1127, 1126, 1128
1127, 1128, 1129
1129, 1128, 1130
1129, 1130, 1131
1131, 1130, 1132
1131, 1132, 1133
1133, 1132, 1134
1133, 1134, 1135
1135, 1134, 1136
1135, 1136, 1137
1137, 1136, 1138
1137, 1138, 1139
1138, 1140, 1139
1139, 1140, 1141
1141, 1140, 1142
1141, 1142, 1143
1143, 1142, 1144
1143, 1144, 1145
1145, 1144, 1146
1145, 1146, 1147
1147, 1146, 1148
1147, 1148, 1149
1149, 1148, 1150
1149, 1150, 1151
1151, 1150, 1152
1151, 1152, 1153
1153, 1152, 1154
1153, 1154, 1155
1155, 1154, 1156
1155, 1156, 1157
1157, 1156, 1158
1157, 1158, 1159
1159, 1158, 1160
1159, 1160, 1161
1161, 1160, 1162
1161, 1162, 1163
1163, 1162, 1164
1163, 1164, 1165
1165, 1164, 1166
1165, 1166, 1167
1167, 1166, 1168
1167, 1168, 1169
1169, 1168, 1170
1169, 1170, 1171
1170, 1172, 1171
1171, 1172, 1173
1172, 1174, 1173
1173, 1174, 1175
1175, 1174, 1176
1175, 1176, 1177
1177, 1176, 1178
1177, 1178, 1179
1179, 1178, 1180
1179, 1180, 1181
1181, 1180, 1182
1181, 1182, 1183
1183, 1182, 1184
1183, 1184, 1185
1185, 1184, 1186
1185, 1186, 1187
1187, 1186, 1188
1187, 1188, 1189
1188, 1190, 1189
1189, 1190, 1191
1191, 1190, 1192
1191, 1192, 1193
1193, 1192, 1194
1193, 1194, 1195
1195, 1194, 1196
1195, 1196, 1197
1197, 1196, 1198
1197, 1198, 1199
1199, 1198, 1200
1199, 1200, 1201
1201, 1200, 1202
1201, 1202, 1203
1203, 1202, 942
1203, 942, 944
906, 905, 1204
1204, 905, 1205
905, 904, 1205
1205, 904, 1206
904, 911, 1206
1206, 911, 1207
911, 910, 1207
1207, 910, 1208
910, 909, 1208
1208, 909, 1209
909, 908, 1209
1209, 908, 1210
908, 907, 1210
1210, 907, 1211
907, 906, 1211
1211, 906, 1204
1187, 1189, 955
955, 1189, 1191
955, 1191, 953
953, 1191, 1193
953, 1193, 951
951, 1193, 1195
951, 1195, 1197
951, 1197, 949
949, 1197, 1199
949, 1199, 947
947, 1199, 1201
947, 1201, 945
945, 1201, 1203
945, 1203, 944
955, 957, 1187
1187, 957, 1185
1185, 957, 959
1185, 959, 1183
1183, 959, 961
1183, 961, 1181
1181, 961, 963
1181, 963, 1179
1179, 963, 965
1179, 965, 967
1179, 967, 1177
1177, 967, 969
1177, 969, 1175
1175, 969, 971
1175, 971, 1173
1173, 971, 973
1173, 973, 975
975, 977, 1173
1173, 977, 979
1173, 979, 981
981, 983, 1173
1173, 983, 985
1173, 985, 987
1173, 987, 1205
1205, 987, 989
1205, 989, 991
991, 993, 1205
1205, 993, 995
1205, 995, 997
997, 999, 1205
1205, 999, 1001
1205, 1001, 1003
1205, 1003, 1204
1204, 1003, 1005
1204, 1005, 1007
1007, 1009, 1204
1204, 1009, 1011
1204, 1011, 1013
1013, 1015, 1204
1204, 1015, 1017
1204, 1017, 1019
1019, 1021, 1204
1204, 1021, 1023
1204, 1023, 1025
1025, 1027, 1204
1204, 1027, 1029
1204, 1029, 1211
1211, 1029, 1031
1211, 1031, 1033
1033, 1035, 1211
1211, 1035, 1037
1211, 1037, 1039
1039, 1041, 1211
1211, 1041, 1043
1211, 1043, 1045
1045, 1047, 1211
1211, 1047, 1049
1211, 1049, 1051
1051, 1053, 1211
1211, 1053, 1055
1211, 1055, 1057
1211, 1057, 1210
1210, 1057, 1059
1210, 1059, 1061
1061, 1063, 1210
1210, 1063, 1065
1210, 1065, 1067
1067, 1069, 1210
1210, 1069, 1071
1210, 1071, 1073
1073, 1075, 1210
1210, 1075, 1077
1210, 1077, 1079
1079, 1081, 1210
1210, 1081, 1083
1210, 1083, 1085
1085, 1087, 1210
1210, 1087, 1089
1210, 1089, 1091
1210, 1091, 1209
1209, 1091, 1093
1209, 1093, 1095
1095, 1097, 1209
1209, 1097, 1099
1209, 1099, 1101
1101, 1103, 1209
1209, 1103, 1105
1209, 1105, 1107
1209, 1107, 1208
1208, 1107, 1109
1208, 1109, 1111
1111, 1113, 1208
1208, 1113, 1115
1208, 1115, 1117
1117, 1119, 1208
1208, 1119, 1121
1208, 1121, 1123
1123, 1125, 1208
1208, 1125, 1127
1208, 1127, 1129
1129, 1131, 1208
1208, 1131, 1133
1208, 1133, 1207
1207, 1133, 1135
1207, 1135, 1137
1137, 1139, 1207
1207, 1139, 1141
1207, 1141, 1143
1143, 1145, 1207
1207, 1145, 1147
1207, 1147, 1149
1149, 1151, 1207
1207, 1151, 1153
1207, 1153, 1155
1155, 1157, 1207
1207, 1157, 1159
1207, 1159, 1161
1207, 1161, 1206
1206, 1161, 1163
1206, 1163, 1165
1165, 1167, 1206
1206, 1167, 1169
1206, 1169, 1171
1206, 1171, 1205
1205, 1171, 1173
1212, 1213, 1214
1214, 1213, 1215
1215, 1213, 1216
1215, 1216, 1217
1217, 1216, 1218
1217, 1218, 1219
1219, 1218, 1220
1219, 1220, 1221
1221, 1220, 1222
1221, 1222, 1223
1223, 1222, 1224
1223, 1224, 1225
1225, 1224, 1226
1225, 1226, 1227
1227, 1226, 1228
1227, 1228, 1229
1228, 1230, 1229
1229, 1230, 1231
1231, 1230, 1232
1231, 1232, 1233
1233, 1232, 1234
1233, 1234, 1235
1235, 1234, 1236
1235, 1236, 1237
1237, 1236, 1238
1237, 1238, 1239
1239, 1238, 1240
1239, 1240, 1241
1241, 1240, 1242
1241, 1242, 1243
1243, 1242, 1244
1243, 1244, 1245
1244, 1246, 1245
1245, 1246, 1247
1247, 1246, 1248
1247, 1248, 1249
1249, 1248, 1250
1249, 1250, 1251
1251, 1250, 1252
1251, 1252, 1253
1253, 1252, 1254
1253, 1254, 1255
1255, 1254, 1256
1255, 1256, 1257
1257, 1256, 1258
1257, 1258, 1259
1259, 1258, 1260
1259, 1260, 1261
1260, 1262, 1261
1261, 1262, 1263
1262, 1264, 1263
1263, 1264, 1265
1265, 1264, 1266
1265, 1266, 1267
1267, 1266, 1268
1267, 1268, 1269
1269, 1268, 1270
1269, 1270, 1271
1271, 1270, 1272
1271, 1272, 1273
1273, 1272, 1274
1273, 1274, 1275
1275, 1274, 1276
1275, 1276, 1277
1277, 1276, 1278
1277, 1278, 1279
1278, 1280, 1279
1279, 1280, 1281
1281, 1280, 1282
1281, 1282, 1283
1283, 1282, 1284
1283, 1284, 1285
1285, 1284, 1286
1285, 1286, 1287
1287, 1286, 1288
1287, 1288, 1289
1289, 1288, 1290
1289, 1290, 1291
1291, 1290, 1292
1291, 1292, 1293
1293, 1292, 1294
1293, 1294, 1295
1294, 1296, 1295
1295, 1296, 1297
1297, 1296, 1298
1297, 1298, 1299
1299, 1298, 1300
1299, 1300, 1301
1301, 1300, 1302
1301, 1302, 1303
1303, 1302, 1304
1303, 1304, 1305
1305, 1304, 1306
1305, 1306, 1307
1307, 1306, 1308
1307, 1308, 1309
1309, 1308, 1310
1309, 1310, 1311
1310, 1312, 1311
1311, 1312, 1313
1313, 1312, 1314
1313, 1314, 1315
1315, 1314, 1316
1315, 1316, 1317
1317, 1316, 1318
1317, 1318, 1319
1319, 1318, 1320
1319, 1320, 1321
1321, 1320, 1322
1321, 1322, 1323
1323, 1322, 1324
1323, 1324, 1325
1325, 1324, 1326
1325, 1326, 1327
1326, 1212, 1327
1327, 1212, 1214
1214, 1215, 1327
1327, 1215, 1325
1325, 1215, 1217
1325, 1217, 1245
1245, 1217, 1243
1243, 1217, 1241
1241, 1217, 1239
1239, 1217, 1237
1237, 1217, 1219
1237, 1219, 1221
1237, 1221, 1235
1235, 1221, 1223
1235, 1223, 1225
1235, 1225, 1233
1233, 1225, 1227
1233, 1227, 1231
1231, 1227, 1229
1245, 1247, 1325
1325, 1247, 1297
1325, 1297, 1299
1249, 1263, 1247
1247, 1263, 1295
1247, 1295, 1297
1249, 1251, 1263
1263, 1251, 1253
1263, 1253, 1255
1255, 1257, 1263
1263, 1257, 1259
1263, 1259, 1261
1263, 1265, 1295
1295, 1265, 1293
1293, 1265, 1267
1293, 1267, 1291
1291, 1267, 1269
1291, 1269, 1289
1289, 1269, 1271
1289, 1271, 1287
1287, 1271, 1273
1287, 1273, 1285
1285, 1273, 1275
1285, 1275, 1283
1283, 1275, 1277
1283, 1277, 1281
1281, 1277, 1279
1299, 1301, 1325
1325, 1301, 1323
1323, 1301, 1321
1321, 1301, 1303
1321, 1303, 1319
1319, 1303, 1305
1319, 1305, 1317
1317, 1305, 1307
1317, 1307, 1315
1315, 1307, 1309
1315, 1309, 1313
1313, 1309, 1311
1328, 1329, 1330
1330, 1329, 1331
1329, 1332, 1331
1331, 1332, 1333
1333, 1332, 1334
1333, 1334, 1335
1335, 1334, 1336
1335, 1336, 1337
1337, 1336, 1338
1337, 1338, 1339
1339, 1338, 1340
1339, 1340, 1341
1341, 1340, 1342
1341, 1342, 1343
1343, 1342, 1344
1343, 1344, 1345
1345, 1344, 1346
1345, 1346, 1347
1346, 1348, 1347
1347, 1348, 1349
1349, 1348, 1350
1349, 1350, 1351
1351, 1350, 1352
1351, 1352, 1353
1353, 1352, 1354
1353, 1354, 1355
1354, 1356, 1355
1355, 1356, 1357
1356, 1358, 1357
1357, 1358, 1359
1358, 1360, 1359
1359, 1360, 1361
1360, 1362, 1361
1361, 1362, 1363
1362, 1364, 1363
1363, 1364, 1365
1365, 1364, 1366
1365, 1366, 1367
1367, 1366, 1368
1367, 1368, 1369
1369, 1368, 1370
1369, 1370, 1371
1371, 1370, 1372
1371, 1372, 1373
1373, 1372, 1374
1373, 1374, 1375
1375, 1374, 1376
1375, 1376, 1377
1377, 1376, 1378
1377, 1378, 1379
1378, 1380, 1379
1379, 1380, 1381
1381, 1380, 1382
1381, 1382, 1383
1383, 1382, 1384
1383, 1384, 1385
1385, 1384, 1386
1385, 1386, 1387
1387, 1386, 1388
1387, 1388, 1389
1389, 1388, 1390
1389, 1390, 1391
1391, 1390, 1392
1391, 1392, 1393
1393, 1392, 1394
1393, 1394, 1395
1394, 1396, 1395
1395, 1396, 1397
1396, 1398, 1397
1397, 1398, 1399
1399, 1398, 1400
1399, 1400, 1401
1401, 1400, 1402
1401, 1402, 1403
1403, 1402, 1404
1403, 1404, 1405
1405, 1404, 1406
1405, 1406, 1407
1407, 1406, 1408
1407, 1408, 1409
1409, 1408, 1410
1409, 1410, 1411
1411, 1410, 1412
1411, 1412, 1413
1412, 1414, 1413
1413, 1414, 1415
1415, 1414, 1416
1415, 1416, 1417
1417, 1416, 1418
1417, 1418, 1419
1419, 1418, 1420
1419, 1420, 1421
1420, 1422, 1421
1421, 1422, 1423
1422, 1424, 1423
1423, 1424, 1425
1425, 1424, 1426
1425, 1426, 1427
1427, 1426, 1428
1427, 1428, 1429
1429, 1428, 1430
1429, 1430, 1431
1430, 1432, 1431
1431, 1432, 1433
1433, 1432, 1434
1433, 1434, 1435
1435, 1434, 1436
1435, 1436, 1437
1437, 1436, 1438
1437, 1438, 1439
1438, 1440, 1439
1439, 1440, 1441
1441, 1440, 1442
1441, 1442, 1443
1443, 1442, 1444
1443, 1444, 1445
1445, 1444, 1446
1445, 1446, 1447
1446, 1448, 1447
1447, 1448, 1449
1449, 1448, 1450
1449, 1450, 1451
1451, 1450, 1452
1451, 1452, 1453
1453, 1452, 1454
1453, 1454, 1455
1454, 1456, 1455
1455, 1456, 1457
1456, 1458, 1457
1457, 1458, 1459
1459, 1458, 1460
1459, 1460, 1461
1461, 1460, 1462
1461, 1462, 1463
1463, 1462, 1464
1463, 1464, 1465
1464, 1466, 1465
1465, 1466, 1467
1467, 1466, 1468
1467, 1468, 1469
1469, 1468, 1470
1469, 1470, 1471
1471, 1470, 1472
1471, 1472, 1473
1473, 1472, 1474
1473, 1474, 1475
1475, 1474, 1476
1475, 1476, 1477
1477, 1476, 1478
1477, 1478, 1479
1479, 1478, 1480
1479, 1480, 1481
1480, 1482, 1481
1481, 1482, 1483
1483, 1482, 1484
1483, 1484, 1485
1485, 1484, 1486
1485, 1486, 1487
1487, 1486, 1488
1487, 1488, 1489
1489, 1488, 1490
1489, 1490, 1491
1491, 1490, 1492
1491, 1492, 1493
1493, 1492, 1494
1493, 1494, 1495
1495, 1494, 1496
1495, 1496, 1497
1496, 1498, 1497
1497, 1498, 1499
1499, 1498, 1500
1499, 1500, 1501
1501, 1500, 1502
1501, 1502, 1503
1503, 1502, 1504
1503, 1504, 1505
1505, 1504, 1506
1505, 1506, 1507
1507, 1506, 1508
1507, 1508, 1509
1509, 1508, 1510
1509, 1510, 1511
1511, 1510, 1512
1511, 1512, 1513
1512, 1514, 1513
1513, 1514, 1515
1515, 1514, 1516
1515, 1516, 1517
1517, 1516, 1518
1517, 1518, 1519
1519, 1518, 1520
1519, 1520, 1521
1521, 1520, 1522
1521, 1522, 1523
1523, 1522, 1524
1523, 1524, 1525
1525, 1524, 1526
1525, 1526, 1527
1527, 1526, 1528
1527, 1528, 1529
1528, 1530, 1529
1529, 1530, 1531
1530, 1532, 1531
1531, 1532, 1533
1533, 1532, 1534
1533, 1534, 1535
1535, 1534, 1536
1535, 1536, 1537
1537, 1536, 1538
1537, 1538, 1539
1539, 1538, 1540
1539, 1540, 1541
1541, 1540, 1542
1541, 1542, 1543
1543, 1542, 1544
1543, 1544, 1545
1545, 1544, 1546
1545, 1546, 1547
1546, 1548, 1547
1547, 1548, 1549
1549, 1548, 1550
1549, 1550, 1551
1551, 1550, 1552
1551, 1552, 1553
1553, 1552, 1554
1553, 1554, 1555
1555, 1554, 1556
1555, 1556, 1557
1557, 1556, 1558
1557, 1558, 1559
1559, 1558, 1560
1559, 1560, 1561
1561, 1560, 1328
1561, 1328, 1330
888, 889, 1562
1562, 889, 1563
889, 890, 1563
1563, 890, 1564
890, 891, 1564
1564, 891, 1565
891, 892, 1565
1565, 892, 1566
892, 893, 1566
1566, 893, 1567
893, 894, 1567
1567, 894, 1568
894, 895, 1568
1568, 895, 1569
895, 888, 1569
1569, 888, 1562
1545, 1547, 1357
1357, 1547, 1549
1357, 1549, 1551
1551, 1553, 1357
1357, 1553, 1555
1357, 1555, 1557
1557, 1559, 1357
1357, 1559, 1561
1357, 1561, 1330
1330, 1331, 1357
1357, 1331, 1333
1357, 1333, 1335
1357, 1335, 1355
1355, 1335, 1337
1355, 1337, 1339
1339, 1341, 1355
1355, 1341, 1343
1355, 1343, 1345
1345, 1347, 1355
1355, 1347, 1349
1355, 1349, 1351
1351, 1353, 1355
1359, 1563, 1357
1357, 1563, 1541
1357, 1541, 1543
1563, 1359, 1562
1562, 1359, 1361
1562, 1361, 1569
1569, 1361, 1568
1568, 1361, 1363
1568, 1363, 1365
1365, 1367, 1568
1568, 1367, 1369
1568, 1369, 1371
1371, 1373, 1568
1568, 1373, 1375
1568, 1375, 1567
1567, 1375, 1377
1567, 1377, 1457
1457, 1377, 1379
1457, 1379, 1381
1457, 1381, 1455
1455, 1381, 1383
1455, 1383, 1385
1385, 1387, 1455
1455, 1387, 1389
1455, 1389, 1391
1391, 1393, 1455
1455, 1393, 1395
1455, 1395, 1453
1453, 1395, 1397
1453, 1397, 1451
1451, 1397, 1449
1449, 1397, 1447
1447, 1397, 1445
1445, 1397, 1443
1443, 1397, 1399
1443, 1399, 1441
1441, 1399, 1401
1441, 1401, 1403
1441, 1403, 1439
1439, 1403, 1405
1439, 1405, 1407
1439, 1407, 1437
1437, 1407, 1409
1437, 1409, 1435
1435, 1409, 1411
1435, 1411, 1421
1421, 1411, 1413
1421, 1413, 1419
1419, 1413, 1415
1419, 1415, 1417
1421, 1423, 1435
1435, 1423, 1433
1433, 1423, 1431
1431, 1423, 1429
1429, 1423, 1425
1429, 1425, 1427
1567, 1457, 1566
1566, 1457, 1459
1566, 1459, 1461
1461, 1463, 1566
1566, 1463, 1465
1566, 1465, 1467
1467, 1469, 1566
1566, 1469, 1471
1566, 1471, 1473
1473, 1475, 1566
1566, 1475, 1477
1566, 1477, 1479
1479, 1481, 1566
1566, 1481, 1565
1565, 1481, 1483
1565, 1483, 1485
1485, 1487, 1565
1565, 1487, 1489
1565, 1489, 1491
1491, 1493, 1565
1565, 1493, 1495
1565, 1495, 1497
1497, 1499, 1565
1565, 1499, 1501
1565, 1501, 1503
1503, 1505, 1565
1565, 1505, 1507
1565, 1507, 1509
1509, 1511, 1565
1565, 1511, 1513
1565, 1513, 1564
1564, 1513, 1515
1564, 1515, 1517
1517, 1519, 1564
1564, 1519, 1521
1564, 1521, 1523
1523, 1525, 1564
1564, 1525, 1527
1564, 1527, 1529
1529, 1531, 1564
1564, 1531, 1533
1564, 1533, 1535
1535, 1537, 1564
1564, 1537, 1563
1563, 1537, 1539
1563, 1539, 1541
1543, 1545, 1357
1570, 1571, 1572
1572, 1571, 1573
1571, 1574, 1573
1573, 1574, 1575
1574, 1576, 1575
1575, 1576, 1577
1576, 1578, 1577
1577, 1578, 1579
1578, 1580, 1579
1579, 1580, 1581
1580, 1582, 1581
1581, 1582, 1583
1582, 1584, 1583
1583, 1584, 1585
1584, 1586, 1585
1585, 1586, 1587
1586, 1588, 1587
1587, 1588, 1589
1588, 1590, 1589
1589, 1590, 1591
1590, 1592, 1591
1591, 1592, 1593
1592, 1594, 1593
1593, 1594, 1595
1594, 1596, 1595
1595, 1596, 1597
1596, 1598, 1597
1597, 1598, 1599
1598, 1570, 1599
1599, 1570, 1572
872, 873, 1600
1600, 873, 1601
873, 874, 1601
1601, 874, 1602
874, 875, 1602
1602, 875, 1603
875, 876, 1603
1603, 876, 1604
876, 877, 1604
1604, 877, 1605
877, 878, 1605
1605, 878, 1606
878, 879, 1606
1606, 879, 1607
879, 872, 1607
1607, 872, 1600
1572, 1603, 1599
1599, 1603, 1604
1599, 1604, 1595
1595, 1604, 1593
1593, 1604, 1605
1593, 1605, 1589
1589, 1605, 1581
1589, 1581, 1587
1587, 1581, 1583
1587, 1583, 1585
1573, 1575, 1572
1572, 1575, 1602
1572, 1602, 1603
1602, 1575, 1601
1601, 1575, 1577
1601, 1577, 1600
1600, 1577, 1579
1600, 1579, 1607
1607, 1579, 1581
1607, 1581, 1606
1606, 1581, 1605
1589, 1591, 1593
1595, 1597, 1599
1608, 1609, 1610
1610, 1609, 1611
1611, 1609, 1612
1611, 1612, 1613
1613, 1612, 1614
1613, 1614, 1615
1615, 1614, 1616
1615, 1616, 1617
1616, 1618, 1617
1617, 1618, 1619
1619, 1618, 1620
1619, 1620, 1621
1621, 1620, 1622
1621, 1622, 1623
1623, 1622, 1624
1623, 1624, 1625
1625, 1624, 1626
1625, 1626, 1627
1627, 1626, 1628
1627, 1628, 1629
1629, 1628, 1630
1629, 1630, 1631
1631, 1630, 1632
1631, 1632, 1633
1632, 1634, 1633
1633, 1634, 1635
1635, 1634, 1636
1635, 1636, 1637
1637, 1636, 1638
1637, 1638, 1639
1639, 1638, 1640
1639, 1640, 1641
1641, 1640, 1642
1641, 1642, 1643
1643, 1642, 1644
1643, 1644, 1645
1645, 1644, 1646
1645, 1646, 1647
1647, 1646, 1648
1647, 1648, 1649
1648, 1650, 1649
1649, 1650, 1651
1651, 1650, 1652
1651, 1652, 1653
1653, 1652, 1654
1653, 1654, 1655
1655, 1654, 1656
1655, 1656, 1657
1657, 1656, 1658
1657, 1658, 1659
1659, 1658, 1660
1659, 1660, 1661
1661, 1660, 1662
1661, 1662, 1663
1663, 1662, 1664
1663, 1664, 1665
1664, 1666, 1665
1665, 1666, 1667
1666, 1668, 1667
1667, 1668, 1669
1669, 1668, 1670
1669, 1670, 1671
1671, 1670, 1672
1671, 1672, 1673
1673, 1672, 1674
1673, 1674, 1675
1675, 1674, 1676
1675, 1676, 1677
1677, 1676, 1678
1677, 1678, 1679
1679, 1678, 1680
1679, 1680, 1681
1681, 1680, 1682
1681, 1682, 1683
1682, 1684, 1683
1683, 1684, 1685
1685, 1684, 1686
1685, 1686, 1687
1687, 1686, 1688
1687, 1688, 1689
1689, 1688, 1690
1689, 1690, 1691
1691, 1690, 1692
1691, 1692, 1693
1693, 1692, 1694
1693, 1694, 1695
1695, 1694, 1696
1695, 1696, 1697
1697, 1696, 1698
1697, 1698, 1699
1698, 1700, 1699
1699, 1700, 1701
1701, 1700, 1702
1701, 1702, 1703
1703, 1702, 1704
1703, 1704, 1705
1705, 1704, 1706
1705, 1706, 1707
1707, 1706, 1708
1707, 1708, 1709
1709, 1708, 1710
1709, 1710, 1711
1711, 1710, 1712
1711, 1712, 1713
1713, 1712, 1714
1713, 1714, 1715
1714, 1716, 1715
1715, 1716, 1717
1717, 1716, 1718
1717, 1718, 1719
1719, 1718, 1720
1719, 1720, 1721
1721, 1720, 1722
1721, 1722, 1723
1723, 1722, 1724
1723, 1724, 1725
1725, 1724, 1726
1725, 1726, 1727
1727, 1726, 1728
1727, 1728, 1729
1729, 1728, 1730
1729, 1730, 1731
1730, 1732, 1731
1731, 1732, 1733
1733, 1732, 1734
1733, 1734, 1735
1735, 1734, 1736
1735, 1736, 1737
1737, 1736, 1738
1737, 1738, 1739
1739, 1738, 1740
1739, 1740, 1741
1741, 1740, 1742
1741, 1742, 1743
1743, 1742, 1744
1743, 1744, 1745
1745, 1744, 1746
1745, 1746, 1747
1746, 1748, 1747
1747, 1748, 1749
1748, 1750, 1749
1749, 1750, 1751
1751, 1750, 1752
1751, 1752, 1753
1753, 1752, 1754
1753, 1754, 1755
1755, 1754, 1756
1755, 1756, 1757
1757, 1756, 1758
1757, 1758, 1759
1759, 1758, 1760
1759, 1760, 1761
1761, 1760, 1762
1761, 1762, 1763
1763, 1762, 1764
1763, 1764, 1765
1764, 1766, 1765
1765, 1766, 1767
1767, 1766, 1768
1767, 1768, 1769
1769, 1768, 1770
1769, 1770, 1771
1771, 1770, 1772
1771, 1772, 1773
1772, 1774, 1773
1773, 1774, 1775
1775, 1774, 1776
1775, 1776, 1777
1777, 1776, 1778
1777, 1778, 1779
1779, 1778, 1780
1779, 1780, 1781
1781, 1780, 1782
1781, 1782, 1783
1783, 1782, 1784
1783, 1784, 1785
1785, 1784, 1786
1785, 1786, 1787
1787, 1786, 1788
1787, 1788, 1789
1788, 1790, 1789
1789, 1790, 1791
1791, 1790, 1792
1791, 1792, 1793
1793, 1792, 1794
1793, 1794, 1795
1795, 1794, 1796
1795, 1796, 1797
1797, 1796, 1798
1797, 1798, 1799
1799, 1798, 1800
1799, 1800, 1801
1801, 1800, 1802
1801, 1802, 1803
1803, 1802, 1804
1803, 1804, 1805
1804, 1806, 1805
1805, 1806, 1807
1806, 1808, 1807
1807, 1808, 1809
1809, 1808, 1810
1809, 1810, 1811
1811, 1810, 1812
1811, 1812, 1813
1813, 1812, 1814
1813, 1814, 1815
1815, 1814, 1816
1815, 1816, 1817
1817, 1816, 1818
1817, 1818, 1819
1819, 1818, 1820
1819, 1820, 1821
1821, 1820, 1822
1821, 1822, 1823
1822, 1824, 1823
1823, 1824, 1825
1825, 1824, 1826
1825, 1826, 1827
1827, 1826, 1828
1827, 1828, 1829
1829, 1828, 1830
1829, 1830, 1831
1831, 1830, 1832
1831, 1832, 1833
1833, 1832, 1834
1833, 1834, 1835
1835, 1834, 1836
1835, 1836, 1837
1837, 1836, 1838
1837, 1838, 1839
1838, 1840, 1839
1839, 1840, 1841
1841, 1840, 1842
1841, 1842, 1843
1842, 1844, 1843
1843, 1844, 1845
1844, 1846, 1845
1845, 1846, 1847
1847, 1846, 1848
1847, 1848, 1849
1849, 1848, 1850
1849, 1850, 1851
1851, 1850, 1852
1851, 1852, 1853
1852, 1854, 1853
1853, 1854, 1855
1854, 1856, 1855
1855, 1856, 1857
1856, 1858, 1857
1857, 1858, 1859
1858, 1860, 1859
1859, 1860, 1861
1860, 1862, 1861
1861, 1862, 1863
1862, 1608, 1863
1863, 1608, 1610
866, 865, 1864
1864, 865, 1865
865, 864, 1865
1865, 864, 1866
864, 871, 1866
1866, 871, 1867
871, 870, 1867
1867, 870, 1868
870, 869, 1868
1868, 869, 1869
869, 868, 1869
1869, 868, 1870
868, 867, 1870
1870, 867, 1871
867, 866, 1871
1871, 866, 1864
1610, 1611, 1863
1863, 1611, 1613
1863, 1613, 1615
1615, 1617, 1863
1863, 1617, 1619
1863, 1619, 1621
1863, 1621, 1861
1861, 1621, 1623
1861, 1623, 1625
1625, 1627, 1861
1861, 1627, 1629
1861, 1629, 1631
1631, 1633, 1861
1861, 1633, 1635
1861, 1635, 1637
1637, 1639, 1861
1861, 1639, 1641
1861, 1641, 1643
1643, 1645, 1861
1861, 1645, 1647
1861, 1647, 1649
1649, 1651, 1861
1861, 1651, 1866
1861, 1866, 1859
1859, 1866, 1867
1859, 1867, 1857
1857, 1867, 1868
1857, 1868, 1869
1651, 1653, 1866
1866, 1653, 1655
1866, 1655, 1657
1657, 1659, 1866
1866, 1659, 1865
1865, 1659, 1661
1865, 1661, 1663
1663, 1665, 1865
1865, 1665, 1667
1865, 1667, 1669
1669, 1671, 1865
1865, 1671, 1673
1865, 1673, 1675
1675, 1677, 1865
1865, 1677, 1679
1865, 1679, 1681
1681, 1683, 1865
1865, 1683, 1685
1865, 1685, 1864
1864, 1685, 1687
1864, 1687, 1689
1689, 1691, 1864
1864, 1691, 1693
1864, 1693, 1695
1695, 1697, 1864
1864, 1697, 1699
1864, 1699, 1701
1701, 1703, 1864
1864, 1703, 1705
1864, 1705, 1707
1707, 1709, 1864
1864, 1709, 1711
1864, 1711, 1713
1713, 1715, 1864
1864, 1715, 1871
1871, 1715, 1717
1871, 1717, 1719
1719, 1721, 1871
1871, 1721, 1723
1871, 1723, 1725
1725, 1727, 1871
1871, 1727, 1729
1871, 1729, 1731
1731, 1733, 1871
1871, 1733, 1735
1871, 1735, 1737
1737, 1739, 1871
1871, 1739, 1741
1871, 1741, 1743
1871, 1743, 1870
1870, 1743, 1745
1870, 1745, 1747
1870, 1747, 1855
1855, 1747, 1749
1855, 1749, 1853
1853, 1749, 1751
1853, 1751, 1753
1753, 1755, 1853
1853, 1755, 1757
1853, 1757, 1759
1759, 1761, 1853
1853, 1761, 1851
1851, 1761, 1763
1851, 1763, 1849
1849, 1763, 1765
1849, 1765, 1847
1847, 1765, 1767
1847, 1767, 1845
1845, 1767, 1769
1845, 1769, 1843
1843, 1769, 1771
1843, 1771, 1841
1841, 1771, 1773
1841, 1773, 1839
1839, 1773, 1775
1839, 1775, 1837
1837, 1775, 1777
1837, 1777, 1835
1835, 1777, 1807
1835, 1807, 1833
1833, 1807, 1809
1833, 1809, 1831
1831, 1809, 1811
1831, 1811, 1829
1829, 1811, 1827
1827, 1811, 1813
1827, 1813, 1825
1825, 1813, 1815
1825, 1815, 1823
1823, 1815, 1817
1823, 1817, 1819
1777, 1779, 1807
1807, 1779, 1781
1807, 1781, 1805
1805, 1781, 1783
1805, 1783, 1785
1785, 1787, 1805
1805, 1787, 1789
1805, 1789, 1803
1803, 1789, 1801
1801, 1789, 1791
1801, 1791, 1799
1799, 1791, 1793
1799, 1793, 1797
1797, 1793, 1795
1819, 1821, 1823
1870, 1855, 1869
1869, 1855, 1857
1872, 1873, 1874
1874, 1873, 1875
1875, 1873, 1876
1875, 1876, 1877
1877, 1876, 1878
1877, 1878, 1879
1879, 1878, 1880
1879, 1880, 1881
1881, 1880, 1882
1881, 1882, 1883
1883, 1882, 1884
1883, 1884, 1885
1885, 1884, 1886
1885, 1886, 1887
1887, 1886, 1888
1887, 1888, 1889
1888, 1890, 1889
1889, 1890, 1891
1891, 1890, 1892
1891, 1892, 1893
1893, 1892, 1894
1893, 1894, 1895
1895, 1894, 1896
1895, 1896, 1897
1897, 1896, 1898
1897, 1898, 1899
1899, 1898, 1900
1899, 1900, 1901
1901, 1900, 1902
1901, 1902, 1903
1903, 1902, 1904
1903, 1904, 1905
1904, 1906, 1905
1905, 1906, 1907
1907, 1906, 1908
1907, 1908, 1909
1909, 1908, 1910
1909, 1910, 1911
1911, 1910, 1912
1911, 1912, 1913
1913, 1912, 1914
1913, 1914, 1915
1915, 1914, 1916
1915, 1916, 1917
1917, 1916, 1918
1917, 1918, 1919
1919, 1918, 1920
1919, 1920, 1921
1920, 1922, 1921
1921, 1922, 1923
1922, 1924, 1923
1923, 1924, 1925
1925, 1924, 1926
1925, 1926, 1927
1927, 1926, 1928
1927, 1928, 1929
1929, 1928, 1930
1929, 1930, 1931
1931, 1930, 1932
1931, 1932, 1933
1933, 1932, 1934
1933, 1934, 1935
1935, 1934, 1936
1935, 1936, 1937
1937, 1936, 1938
1937, 1938, 1939
1938, 1940, 1939
1939, 1940, 1941
1941, 1940, 1942
1941, 1942, 1943
1943, 1942, 1944
1943, 1944, 1945
1945, 1944, 1946
1945, 1946, 1947
1947, 1946, 1948
1947, 1948, 1949
1949, 1948, 1950
1949, 1950, 1951
1951, 1950, 1952
1951, 1952, 1953
1953, 1952, 1954
1953, 1954, 1955
1954, 1956, 1955
1955, 1956, 1957
1957, 1956, 1958
1957, 1958, 1959
1959, 1958, 1960
1959, 1960, 1961
1961, 1960, 1962
1961, 1962, 1963
1963, 1962, 1964
1963, 1964, 1965
1965, 1964, 1966
1965, 1966, 1967
1967, 1966, 1968
1967, 1968, 1969
1969, 1968, 1970
1969, 1970, 1971
1970, 1972, 1971
1971, 1972, 1973
1972, 1974, 1973
1973, 1974, 1975
1975, 1974, 1976
1975, 1976, 1977
1977, 1976, 1978
1977, 1978, 1979
1979, 1978, 1980
1979, 1980, 1981
1981, 1980, 1982
1981, 1982, 1983
1983, 1982, 1984
1983, 1984, 1985
1985, 1984, 1986
1985, 1986, 1987
1987, 1986, 1988
1987, 1988, 1989
1989, 1988, 1990
1989, 1990, 1991
1991, 1990, 1992
1991, 1992, 1993
1993, 1992, 1994
1993, 1994, 1995
1995, 1994, 1996
1995, 1996, 1997
1997, 1996, 1998
1997, 1998, 1999
1999, 1998, 2000
1999, 2000, 2001
2001, 2000, 2002
2001, 2002, 2003
2003, 2002, 2004
2003, 2004, 2005
2004, 2006, 2005
2005, 2006, 2007
2006, 2008, 2007
2007, 2008, 2009
2008, 2010, 2009
2009, 2010, 2011
2010, 2012, 2011
2011, 2012, 2013
2013, 2012, 2014
2013, 2014, 2015
2015, 2014, 2016
2015, 2016, 2017
2017, 2016, 2018
2017, 2018, 2019
2019, 2018, 2020
2019, 2020, 2021
2021, 2020, 2022
2021, 2022, 2023
2023, 2022, 2024
2023, 2024, 2025
2025, 2024, 2026
2025, 2026, 2027
2027, 2026, 2028
2027, 2028, 2029
2029, 2028, 2030
2029, 2030, 2031
2031, 2030, 2032
2031, 2032, 2033
2033, 2032, 2034
2033, 2034, 2035
2035, 2034, 2036
2035, 2036, 2037
2037, 2036, 2038
2037, 2038, 2039
2039, 2038, 2040
2039, 2040, 2041
2041, 2040, 2042
2041, 2042, 2043
2042, 2044, 2043
2043, 2044, 2045
2044, 2046, 2045
2045, 2046, 2047
2047, 2046, 2048
2047, 2048, 2049
2049, 2048, 2050
2049, 2050, 2051
2051, 2050, 2052
2051, 2052, 2053
2052, 2054, 2053
2053, 2054, 2055
2055, 2054, 2056
2055, 2056, 2057
2057, 2056, 2058
2057, 2058, 2059
2059, 2058, 2060
2059, 2060, 2061
2060, 2062, 2061
2061, 2062, 2063
2063, 2062, 2064
2063, 2064, 2065
2065, 2064, 2066
2065, 2066, 2067
2067, 2066, 2068
2067, 2068, 2069
2068, 2070, 2069
2069, 2070, 2071
2071, 2070, 2072
2071, 2072, 2073
2073, 2072, 2074
2073, 2074, 2075
2075, 2074, 2076
2075, 2076, 2077
2076, 2078, 2077
2077, 2078, 2079
2078, 2080, 2079
2079, 2080, 2081
2081, 2080, 2082
2081, 2082, 2083
2083, 2082, 2084
2083, 2084, 2085
2085, 2084, 2086
2085, 2086, 2087
2087, 2086, 2088
2087, 2088, 2089
2089, 2088, 2090
2089, 2090, 2091
2091, 2090, 2092
2091, 2092, 2093
2093, 2092, 2094
2093, 2094, 2095
2094, 2096, 2095
2095, 2096, 2097
2097, 2096, 2098
2097, 2098, 2099
2099, 2098, 2100
2099, 2100, 2101
2101, 2100, 2102
2101, 2102, 2103
2103, 2102, 2104
2103, 2104, 2105
2105, 2104, 2106
2105, 2106, 2107
2107, 2106, 2108
2107, 2108, 2109
2109, 2108, 2110
2109, 2110, 2111
2110, 2112, 2111
2111, 2112, 2113
2113, 2112, 2114
2113, 2114, 2115
2115, 2114, 2116
2115, 2116, 2117
2117, 2116, 2118
2117, 2118, 2119
2119, 2118, 2120
2119, 2120, 2121
2121, 2120, 2122
2121, 2122, 2123
2123, 2122, 2124
2123, 2124, 2125
2125, 2124, 2126
2125, 2126, 2127
2126, 2128, 2127
2127, 2128, 2129
2129, 2128, 2130
2129, 2130, 2131
2131, 2130, 2132
2131, 2132, 2133
2133, 2132, 2134
2133, 2134, 2135
2135, 2134, 2136
2135, 2136, 2137
2137, 2136, 2138
2137, 2138, 2139
2139, 2138, 2140
2139, 2140, 2141
2141, 2140, 2142
2141, 2142, 2143
2142, 2144, 2143
2143, 2144, 2145
2145, 2144, 2146
2145, 2146, 2147
2147, 2146, 2148
2147, 2148, 2149
2149, 2148, 2150
2149, 2150, 2151
2151, 2150, 2152
2151, 2152, 2153
2153, 2152, 2154
2153, 2154, 2155
2155, 2154, 2156
2155, 2156, 2157
2157, 2156, 2158
2157, 2158, 2159
2158, 2160, 2159
2159, 2160, 2161
2160, 2162, 2161
2161, 2162, 2163
2163, 2162, 2164
2163, 2164, 2165
2165, 2164, 2166
2165, 2166, 2167
2167, 2166, 2168
2167, 2168, 2169
2169, 2168, 2170
2169, 2170, 2171
2171, 2170, 2172
2171, 2172, 2173
2173, 2172, 2174
2173, 2174, 2175
2175, 2174, 2176
2175, 2176, 2177
2176, 2178, 2177
2177, 2178, 2179
2179, 2178, 2180
2179, 2180, 2181
2181, 2180, 2182
2181, 2182, 2183
2183, 2182, 2184
2183, 2184, 2185
2185, 2184, 2186
2185, 2186, 2187
2187, 2186, 2188
2187, 2188, 2189
2189, 2188, 2190
2189, 2190, 2191
2191, 2190, 2192
2191, 2192, 2193
2192, 2194, 2193
2193, 2194, 2195
2195, 2194, 2196
2195, 2196, 2197
2197, 2196, 2198
2197, 2198, 2199
2199, 2198, 2200
2199, 2200, 2201
2201, 2200, 2202
2201, 2202, 2203
2203, 2202, 2204
2203, 2204, 2205
2205, 2204, 2206
2205, 2206, 2207
2207, 2206, 2208
2207, 2208, 2209
2208, 2210, 2209
2209, 2210, 2211
2211, 2210, 2212
2211, 2212, 2213
2213, 2212, 2214
2213, 2214, 2215
2215, 2214, 2216
2215, 2216, 2217
2217, 2216, 2218
2217, 2218, 2219
2219, 2218, 2220
2219, 2220, 2221
2221, 2220, 2222
2221, 2222, 2223
2223, 2222, 2224
2223, 2224, 2225
2224, 2226, 2225
2225, 2226, 2227
2226, 2228, 2227
2227, 2228, 2229
2229, 2228, 2230
2229, 2230, 2231
2231, 2230, 2232
2231, 2232, 2233
2233, 2232, 2234
2233, 2234, 2235
2235, 2234, 2236
2235, 2236, 2237
2237, 2236, 2238
2237, 2238, 2239
2239, 2238, 2240
2239, 2240, 2241
2241, 2240, 2242
2241, 2242, 2243
2242, 2244, 2243
2243, 2244, 2245
2245, 2244, 2246
2245, 2246, 2247
2247, 2246, 2248
2247, 2248, 2249
2249, 2248, 2250
2249, 2250, 2251
2251, 2250, 2252
2251, 2252, 2253
2253, 2252, 2254
2253, 2254, 2255
2255, 2254, 2256
2255, 2256, 2257
2257, 2256, 1872
2257, 1872, 1874
896, 897, 2258
2258, 897, 2259
897, 898, 2259
2259, 898, 2260
898, 899, 2260
2260, 899, 2261
899, 900, 2261
2261, 900, 2262
900, 901, 2262
2262, 901, 2263
901, 902, 2263
2263, 902, 2264
902, 903, 2264
2264, 903, 2265
903, 896, 2265
2265, 896, 2258
2245, 2265, 2243
2243, 2265, 2258
2243, 2258, 2241
2241, 2258, 2239
2239, 2258, 2237
2237, 2258, 2235
2235, 2258, 2233
2233, 2258, 2231
2231, 2258, 2229
2229, 2258, 2227
2227, 2258, 2225
2225, 2258, 2223
2223, 2258, 2221
2221, 2258, 2259
2221, 2259, 2219
2219, 2259, 2217
2217, 2259, 2165
2217, 2165, 2167
2245, 2247, 2265
2265, 2247, 2249
2265, 2249, 2251
2251, 2253, 2265
2265, 2253, 2255
2265, 2255, 2257
2257, 1874, 2265
2265, 1874, 1875
2265, 1875, 1877
1877, 1879, 2265
2265, 1879, 1881
2265, 1881, 1883
1883, 1885, 2265
2265, 1885, 1887
2265, 1887, 1889
2265, 1889, 2264
2264, 1889, 1891
2264, 1891, 1893
1893, 1895, 2264
2264, 1895, 1897
2264, 1897, 1899
1899, 1901, 2264
2264, 1901, 1903
2264, 1903, 1905
1905, 1907, 2264
2264, 1907, 1909
2264, 1909, 1911
1911, 1913, 2264
2264, 1913, 1915
2264, 1915, 1917
1917, 1919, 2264
2264, 1919, 2263
2263, 1919, 1921
2263, 1921, 2262
2262, 1921, 2079
2262, 2079, 2261
2261, 2079, 2081
2261, 2081, 2083
1921, 1923, 2079
2079, 1923, 2077
2077, 1923, 2007
2077, 2007, 2009
1923, 1925, 2007
2007, 1925, 1927
2007, 1927, 1929
1929, 1931, 2007
2007, 1931, 2005
2005, 1931, 1933
2005, 1933, 1935
2005, 1935, 2003
2003, 1935, 1937
2003, 1937, 2001
2001, 1937, 1939
2001, 1939, 1999
1999, 1939, 1941
1999, 1941, 1997
1997, 1941, 1943
1997, 1943, 1945
1997, 1945, 1995
1995, 1945, 1947
1995, 1947, 1971
1971, 1947, 1949
1971, 1949, 1951
1951, 1953, 1971
1971, 1953, 1969
1969, 1953, 1955
1969, 1955, 1967
1967, 1955, 1965
1965, 1955, 1957
1965, 1957, 1963
1963, 1957, 1959
1963, 1959, 1961
1995, 1971, 1993
1993, 1971, 1973
1993, 1973, 1991
1991, 1973, 1989
1989, 1973, 1987
1987, 1973, 1975
1987, 1975, 1985
1985, 1975, 1977
1985, 1977, 1983
1983, 1977, 1979
1983, 1979, 1981
2011, 2071, 2009
2009, 2071, 2073
2009, 2073, 2075
2013, 2065, 2011
2011, 2065, 2067
2011, 2067, 2069
2065, 2013, 2063
2063, 2013, 2015
2063, 2015, 2017
2063, 2017, 2061
2061, 2017, 2019
2061, 2019, 2059
2059, 2019, 2021
2059, 2021, 2043
2043, 2021, 2023
2043, 2023, 2025
2025, 2027, 2043
2043, 2027, 2029
2043, 2029, 2041
2041, 2029, 2031
2041, 2031, 2039
2039, 2031, 2033
2039, 2033, 2037
2037, 2033, 2035
2059, 2043, 2057
2057, 2043, 2045
2057, 2045, 2055
2055, 2045, 2053
2053, 2045, 2047
2053, 2047, 2051
2051, 2047, 2049
2069, 2071, 2011
2075, 2077, 2009
2083, 2085, 2261
2261, 2085, 2087
2261, 2087, 2089
2089, 2091, 2261
2261, 2091, 2093
2261, 2093, 2095
2095, 2097, 2261
2261, 2097, 2099
2261, 2099, 2101
2101, 2103, 2261
2261, 2103, 2105
2261, 2105, 2107
2107, 2109, 2261
2261, 2109, 2111
2261, 2111, 2260
2260, 2111, 2113
2260, 2113, 2115
2115, 2117, 2260
2260, 2117, 2119
2260, 2119, 2121
2121, 2123, 2260
2260, 2123, 2125
2260, 2125, 2127
2127, 2129, 2260
2260, 2129, 2131
2260, 2131, 2133
2133, 2135, 2260
2260, 2135, 2137
2260, 2137, 2139
2139, 2141, 2260
2260, 2141, 2143
2260, 2143, 2145
2260, 2145, 2259
2259, 2145, 2147
2259, 2147, 2149
2149, 2151, 2259
2259, 2151, 2153
2259, 2153, 2155
2155, 2157, 2259
2259, 2157, 2159
2259, 2159, 2161
2161, 2163, 2259
2259, 2163, 2165
2217, 2167, 2215
2215, 2167, 2169
2215, 2169, 2213
2213, 2169, 2171
2213, 2171, 2211
2211, 2171, 2173
2211, 2173, 2175
2211, 2175, 2209
2209, 2175, 2177
2209, 2177, 2207
2207, 2177, 2179
2207, 2179, 2205
2205, 2179, 2181
2205, 2181, 2203
2203, 2181, 2183
2203, 2183, 2201
2201, 2183, 2185
2201, 2185, 2199
2199, 2185, 2187
2199, 2187, 2197
2197, 2187, 2189
2197, 2189, 2195
2195, 2189, 2191
2195, 2191, 2193
913, 912, 916
916, 912, 922
916, 922, 918
918, 922, 920
922, 912, 924
924, 912, 932
924, 932, 930
930, 928, 924
924, 928, 926
1618, 1616, 1620
1620, 1616, 1614
1620, 1614, 1622
1622, 1614, 1624
1624, 1614, 1626
1626, 1614, 1628
1628, 1614, 1612
1628, 1612, 1609
1609, 1608, 1628
1628, 1608, 1826
1628, 1826, 1824
1862, 1854, 1608
1608, 1854, 1852
1608, 1852, 1850
1860, 1858, 1862
1862, 1858, 1856
1862, 1856, 1854
1850, 1848, 1608
1608, 1848, 1846
1608, 1846, 1844
1844, 1842, 1608
1608, 1842, 1840
1608, 1840, 1838
1838, 1836, 1608
1608, 1836, 1834
1608, 1834, 1832
1832, 1830, 1608
1608, 1830, 1828
1608, 1828, 1826
1824, 1822, 1628
1628, 1822, 1630
1630, 1822, 1632
1632, 1822, 1634
1634, 1822, 1636
1636, 1822, 1820
1636, 1820, 1638
1638, 1820, 1818
1638, 1818, 1816
1816, 1814, 1638
1638, 1814, 1812
1638, 1812, 1640
1640, 1812, 1642
1642, 1812, 1810
1642, 1810, 1644
1644, 1810, 1646
1646, 1810, 1648
1648, 1810, 1650
1650, 1810, 1652
1652, 1810, 1654
1654, 1810, 1808
1654, 1808, 1656
1656, 1808, 1658
1658, 1808, 1660
1660, 1808, 1662
1662, 1808, 1664
1664, 1808, 1806
1664, 1806, 1666
1666, 1806, 1804
1666, 1804, 1802
1800, 1674, 1802
1802, 1674, 1672
1802, 1672, 1670
1800, 1798, 1674
1674, 1798, 1796
1674, 1796, 1794
1794, 1792, 1674
1674, 1792, 1790
1674, 1790, 1788
1788, 1786, 1674
1674, 1786, 1784
1674, 1784, 1782
1782, 1780, 1674
1674, 1780, 1778
1674, 1778, 1776
1776, 1774, 1674
1674, 1774, 1772
1674, 1772, 1676
1676, 1772, 1678
1678, 1772, 1680
1680, 1772, 1682
1682, 1772, 1684
1684, 1772, 1686
1686, 1772, 1688
1688, 1772, 1690
1690, 1772, 1692
1692, 1772, 1694
1694, 1772, 1696
1696, 1772, 1698
1698, 1772, 1700
1700, 1772, 1702
1702, 1772, 1704
1704, 1772, 1706
1706, 1772, 1708
1708, 1772, 1710
1710, 1772, 1712
1712, 1772, 1714
1714, 1772, 1716
1716, 1772, 1770
1716, 1770, 1718
1718, 1770, 1720
1720, 1770, 1768
1720, 1768, 1722
1722, 1768, 1766
1722, 1766, 1724
1724, 1766, 1726
1726, 1766, 1764
1726, 1764, 1728
1728, 1764, 1762
1728, 1762, 1760
1728, 1760, 1730
1730, 1760, 1758
1730, 1758, 1732
1732, 1758, 1756
1732, 1756, 1734
1734, 1756, 1754
1734, 1754, 1736
1736, 1754, 1752
1736, 1752, 1738
1738, 1752, 1750
1738, 1750, 1740
1740, 1750, 1748
1740, 1748, 1742
1742, 1748, 1744
1744, 1748, 1746
1670, 1668, 1802
1802, 1668, 1666
1890, 1888, 1938
1938, 1888, 1886
1938, 1886, 1884
1884, 1882, 1938
1938, 1882, 1880
1938, 1880, 1878
1878, 1876, 1938
1938, 1876, 1873
1938, 1873, 1872
1872, 2256, 1938
1938, 2256, 2254
1938, 2254, 2252
2252, 2250, 1938
1938, 2250, 2248
1938, 2248, 2232
2232, 2248, 2246
2232, 2246, 2244
2244, 2242, 2232
2232, 2242, 2240
2232, 2240, 2238
2238, 2236, 2232
2232, 2236, 2234
2230, 1968, 2232
2232, 1968, 1966
2232, 1966, 1964
2230, 2228, 1968
1968, 2228, 2226
1968, 2226, 1970
1970, 2226, 2224
1970, 2224, 1972
1972, 2224, 2214
1972, 2214, 2196
2196, 2214, 2198
2198, 2214, 2200
2200, 2214, 2202
2202, 2214, 2204
2204, 2214, 2206
2206, 2214, 2208
2208, 2214, 2210
2210, 2214, 2212
2224, 2222, 2214
2214, 2222, 2220
2214, 2220, 2216
2216, 2220, 2218
2194, 2002, 2196
2196, 2002, 2000
2196, 2000, 1998
2194, 2192, 2002
2002, 2192, 2024
2002, 2024, 2022
2190, 2040, 2192
2192, 2040, 2038
2192, 2038, 2036
2190, 2188, 2040
2040, 2188, 2042
2042, 2188, 2186
2042, 2186, 2044
2044, 2186, 2184
2044, 2184, 2182
2182, 2180, 2044
2044, 2180, 2178
2044, 2178, 2158
2158, 2178, 2176
2158, 2176, 2160
2160, 2176, 2174
2160, 2174, 2172
2172, 2170, 2160
2160, 2170, 2168
2160, 2168, 2166
2166, 2164, 2160
2160, 2164, 2162
2044, 2158, 2046
2046, 2158, 2156
2046, 2156, 2154
2152, 2150, 2154
2154, 2150, 2148
2154, 2148, 2146
2146, 2144, 2154
2154, 2144, 2142
2154, 2142, 2140
2140, 2138, 2154
2154, 2138, 2136
2154, 2136, 2134
2154, 2134, 2060
2060, 2134, 2132
2060, 2132, 2130
2130, 2128, 2060
2060, 2128, 2126
2060, 2126, 2124
2124, 2122, 2060
2060, 2122, 2120
2060, 2120, 2118
2118, 2116, 2060
2060, 2116, 2114
2060, 2114, 2112
2112, 2110, 2060
2060, 2110, 2108
2060, 2108, 2106
2060, 2106, 2062
2062, 2106, 2104
2062, 2104, 2064
2064, 2104, 2102
2064, 2102, 2066
2066, 2102, 2100
2066, 2100, 2098
2066, 2098, 2068
2068, 2098, 2096
2068, 2096, 2070
2070, 2096, 2094
2070, 2094, 2092
2070, 2092, 2072
2072, 2092, 2090
2072, 2090, 2088
2072, 2088, 2074
2074, 2088, 2086
2074, 2086, 2084
2074, 2084, 2076
2076, 2084, 2082
2076, 2082, 2080
2080, 2078, 2076
2060, 2058, 2154
2154, 2058, 2056
2154, 2056, 2054
2054, 2052, 2154
2154, 2052, 2050
2154, 2050, 2048
2048, 2046, 2154
2036, 2034, 2192
2192, 2034, 2032
2192, 2032, 2030
2030, 2028, 2192
2192, 2028, 2026
2192, 2026, 2024
2022, 2020, 2002
2002, 2020, 2018
2002, 2018, 2016
2016, 2014, 2002
2002, 2014, 2012
2002, 2012, 2004
2004, 2012, 2010
2004, 2010, 2006
2006, 2010, 2008
1998, 1996, 2196
2196, 1996, 1994
2196, 1994, 1992
1992, 1990, 2196
2196, 1990, 1988
2196, 1988, 1986
1986, 1984, 2196
2196, 1984, 1982
2196, 1982, 1980
1980, 1978, 2196
2196, 1978, 1976
2196, 1976, 1974
1974, 1972, 2196
1964, 1962, 2232
2232, 1962, 1960
2232, 1960, 1958
1958, 1956, 2232
2232, 1956, 1954
2232, 1954, 1952
1952, 1950, 2232
2232, 1950, 1948
2232, 1948, 1946
1946, 1944, 2232
2232, 1944, 1942
2232, 1942, 1940
1940, 1938, 2232
1938, 1936, 1890
1890, 1936, 1892
1892, 1936, 1894
1894, 1936, 1934
1894, 1934, 1896
1896, 1934, 1932
1896, 1932, 1898
1898, 1932, 1930
1898, 1930, 1900
1900, 1930, 1902
1902, 1930, 1928
1902, 1928, 1904
1904, 1928, 1906
1906, 1928, 1926
1906, 1926, 1908
1908, 1926, 1910
1910, 1926, 1924
1910, 1924, 1912
1912, 1924, 1922
1912, 1922, 1914
1914, 1922, 1916
1916, 1922, 1918
1918, 1922, 1920
1328, 1406, 1329
1329, 1406, 1404
1329, 1404, 1402
1560, 1414, 1328
1328, 1414, 1412
1328, 1412, 1410
1414, 1560, 1416
1416, 1560, 1558
1416, 1558, 1418
1418, 1558, 1556
1418, 1556, 1554
1554, 1552, 1418
1418, 1552, 1420
1420, 1552, 1550
1420, 1550, 1548
1420, 1548, 1530
1530, 1548, 1546
1530, 1546, 1532
1532, 1546, 1544
1532, 1544, 1534
1534, 1544, 1542
1534, 1542, 1536
1536, 1542, 1540
1536, 1540, 1538
1420, 1530, 1422
1422, 1530, 1528
1422, 1528, 1526
1526, 1524, 1422
1422, 1524, 1522
1422, 1522, 1502
1502, 1522, 1504
1504, 1522, 1506
1506, 1522, 1508
1508, 1522, 1510
1510, 1522, 1512
1512, 1522, 1514
1514, 1522, 1516
1516, 1522, 1518
1518, 1522, 1520
1500, 1436, 1502
1502, 1436, 1434
1502, 1434, 1432
1500, 1498, 1436
1436, 1498, 1496
1436, 1496, 1494
1494, 1492, 1436
1436, 1492, 1490
1436, 1490, 1488
1488, 1486, 1436
1436, 1486, 1484
1436, 1484, 1482
1482, 1480, 1436
1436, 1480, 1478
1436, 1478, 1438
1438, 1478, 1476
1438, 1476, 1440
1440, 1476, 1474
1440, 1474, 1472
1440, 1472, 1442
1442, 1472, 1470
1442, 1470, 1444
1444, 1470, 1468
1444, 1468, 1466
1444, 1466, 1446
1446, 1466, 1464
1446, 1464, 1448
1448, 1464, 1462
1448, 1462, 1450
1450, 1462, 1460
1450, 1460, 1452
1452, 1460, 1454
1454, 1460, 1458
1454, 1458, 1456
1432, 1430, 1502
1502, 1430, 1428
1502, 1428, 1426
1426, 1424, 1502
1502, 1424, 1422
1410, 1408, 1328
1328, 1408, 1406
1402, 1400, 1329
1329, 1400, 1398
1329, 1398, 1396
1394, 1340, 1396
1396, 1340, 1338
1396, 1338, 1336
1392, 1350, 1394
1394, 1350, 1348
1394, 1348, 1346
1392, 1390, 1350
1350, 1390, 1352
1352, 1390, 1388
1352, 1388, 1386
1386, 1384, 1352
1352, 1384, 1354
1354, 1384, 1382
1354, 1382, 1380
1380, 1378, 1354
1354, 1378, 1376
1354, 1376, 1374
1374, 1372, 1354
1354, 1372, 1370
1354, 1370, 1368
1368, 1366, 1354
1354, 1366, 1364
1354, 1364, 1362
1362, 1360, 1354
1354, 1360, 1358
1354, 1358, 1356
1346, 1344, 1394
1394, 1344, 1342
1394, 1342, 1340
1336, 1334, 1396
1396, 1334, 1332
1396, 1332, 1329
1570, 1598, 1571
1571, 1598, 1596
1571, 1596, 1584
1584, 1596, 1590
1584, 1590, 1586
1586, 1590, 1588
1594, 1592, 1596
1596, 1592, 1590
1584, 1582, 1571
1571, 1582, 1574
1574, 1582, 1576
1576, 1582, 1578
1578, 1582, 1580
956, 1232, 958
958, 1232, 1230
958, 1230, 960
960, 1230, 1228
960, 1228, 962
962, 1228, 964
964, 1228, 1226
964, 1226, 966
966, 1226, 1224
966, 1224, 968
968, 1224, 970
970, 1224, 1222
970, 1222, 972
972, 1222, 974
974, 1222, 1220
974, 1220, 976
976, 1220, 978
978, 1220, 980
980, 1220, 1218
980, 1218, 982
982, 1218, 984
984, 1218, 986
986, 1218, 988
988, 1218, 1216
988, 1216, 990
990, 1216, 992
992, 1216, 994
994, 1216, 996
996, 1216, 998
998, 1216, 1213
998, 1213, 1000
1000, 1213, 1002
1002, 1213, 1004
1004, 1213, 1006
1006, 1213, 1212
1006, 1212, 1008
1008, 1212, 1326
1008, 1326, 1324
954, 1236, 956
956, 1236, 1234
956, 1234, 1232
1236, 954, 1238
1238, 954, 952
1238, 952, 1240
1240, 952, 1242
1242, 952, 950
1242, 950, 1244
1244, 950, 948
1244, 948, 1246
1246, 948, 946
1246, 946, 1248
1248, 946, 943
1248, 943, 1250
1250, 943, 942
1250, 942, 1252
1252, 942, 1254
1254, 942, 1256
1256, 942, 1258
1258, 942, 1260
1260, 942, 1112
1260, 1112, 1110
1202, 1130, 942
942, 1130, 1128
942, 1128, 1126
1200, 1134, 1202
1202, 1134, 1132
1202, 1132, 1130
1198, 1138, 1200
1200, 1138, 1136
1200, 1136, 1134
1196, 1142, 1198
1198, 1142, 1140
1198, 1140, 1138
1142, 1196, 1144
1144, 1196, 1194
1144, 1194, 1146
1146, 1194, 1192
1146, 1192, 1148
1148, 1192, 1150
1150, 1192, 1190
1150, 1190, 1152
1152, 1190, 1188
1152, 1188, 1154
1154, 1188, 1186
1154, 1186, 1156
1156, 1186, 1184
1156, 1184, 1158
1158, 1184, 1182
1158, 1182, 1160
1160, 1182, 1180
1160, 1180, 1162
1162, 1180, 1178
1162, 1178, 1164
1164, 1178, 1176
1164, 1176, 1166
1166, 1176, 1174
1166, 1174, 1168
1168, 1174, 1172
1168, 1172, 1170
1126, 1124, 942
942, 1124, 1122
942, 1122, 1120
1120, 1118, 942
942, 1118, 1116
942, 1116, 1114
1114, 1112, 942
1110, 1108, 1260
1260, 1108, 1106
1260, 1106, 1104
1104, 1102, 1260
1260, 1102, 1262
1262, 1102, 1100
1262, 1100, 1098
1262, 1098, 1264
1264, 1098, 1096
1264, 1096, 1266
1266, 1096, 1094
1266, 1094, 1092
1266, 1092, 1268
1268, 1092, 1090
1268, 1090, 1270
1270, 1090, 1088
1270, 1088, 1272
1272, 1088, 1086
1272, 1086, 1084
1272, 1084, 1274
1274, 1084, 1082
1274, 1082, 1080
1080, 1078, 1274
1274, 1078, 1276
1276, 1078, 1076
1276, 1076, 1278
1278, 1076, 1074
1278, 1074, 1072
1278, 1072, 1280
1280, 1072, 1070
1280, 1070, 1282
1282, 1070, 1068
1282, 1068, 1284
1284, 1068, 1066
1284, 1066, 1286
1286, 1066, 1064
1286, 1064, 1288
1288, 1064, 1062
1288, 1062, 1290
1290, 1062, 1060
1290, 1060, 1292
1292, 1060, 1058
1292, 1058, 1294
1294, 1058, 1056
1294, 1056, 1296
1296, 1056, 1298
1298, 1056, 1054
1298, 1054, 1300
1300, 1054, 1052
1300, 1052, 1302
1302, 1052, 1304
1304, 1052, 1050
1304, 1050, 1306
1306, 1050, 1048
1306, 1048, 1308
1308, 1048, 1046
1308, 1046, 1310
1310, 1046, 1044
1310, 1044, 1312
1312, 1044, 1042
1312, 1042, 1314
1314, 1042, 1040
1314, 1040, 1038
1314, 1038, 1316
1316, 1038, 1036
1316, 1036, 1318
1318, 1036, 1034
1318, 1034, 1032
1318, 1032, 1320
1320, 1032, 1030
1320, 1030, 1028
1028, 1026, 1320
1320, 1026, 1322
1322, 1026, 1024
1322, 1024, 1022
1022, 1020, 1322
1322, 1020, 1018
1322, 1018, 1324
1324, 1018, 1016
1324, 1016, 1014
1014, 1012, 1324
1324, 1012, 1010
1324, 1010, 1008
