3900
0, 1, 2
3, 4, 2
5, 2, 4
6, 7, 2
8, 2, 7
9, 0, 2
2, 10, 6
11, 12, 13
14, 15, 16
17, 18, 19
20, 18, 17
21, 22, 23
24, 22, 25
26, 27, 28
27, 29, 28
30, 24, 31
32, 33, 34
25, 22, 21
30, 35, 24
36, 26, 28
2, 28, 29
37, 2, 29
38, 14, 39
16, 39, 14
28, 16, 15
40, 41, 42
42, 41, 43
44, 38, 45
15, 36, 28
10, 2, 37
46, 47, 48
49, 50, 48
46, 48, 50
51, 48, 47
52, 53, 41
54, 55, 56
57, 58, 18
59, 18, 58
60, 18, 59
61, 49, 48
62, 48, 51
63, 64, 56
65, 44, 66
56, 67, 54
68, 69, 70
71, 72, 73
74, 75, 76
77, 78, 66
79, 80, 75
41, 81, 82
81, 70, 82
78, 83, 84
69, 82, 70
85, 86, 87
41, 82, 88
89, 88, 90
89, 87, 41
45, 66, 44
91, 92, 66
87, 89, 85
93, 41, 87
84, 94, 66
78, 84, 66
94, 91, 66
76, 75, 80
48, 95, 96
96, 61, 48
97, 80, 79
98, 99, 79
99, 97, 79
100, 101, 79
102, 98, 79
103, 104, 105
106, 107, 108
109, 110, 111
112, 111, 110
113, 114, 115
116, 117, 118
119, 120, 117
117, 116, 121
4, 3, 122
123, 124, 125
124, 126, 127
128, 129, 130
131, 130, 132
133, 134, 135
125, 127, 119
127, 136, 119
136, 137, 119
133, 119, 137
135, 119, 133
121, 138, 117
139, 117, 120
118, 117, 139
119, 117, 125
115, 114, 140
120, 119, 22
141, 142, 143
144, 141, 143
145, 143, 146
7, 147, 8
24, 35, 148
104, 149, 105
150, 103, 105
148, 105, 22
149, 22, 105
24, 148, 22
1, 151, 152
153, 3, 152
1, 152, 3
3, 153, 122
154, 81, 130
6, 155, 7
5, 156, 157
60, 19, 18
158, 140, 8
159, 160, 161
113, 162, 151
158, 162, 140
115, 140, 162
8, 147, 158
163, 161, 164
5, 4, 122
113, 115, 162
147, 162, 158
151, 162, 152
152, 162, 153
147, 7, 155
122, 156, 5
122, 153, 162
156, 122, 162
162, 147, 155
165, 155, 10
6, 10, 155
166, 56, 167
155, 165, 162
91, 168, 92
169, 92, 168
170, 44, 65
36, 171, 26
172, 27, 173
26, 173, 27
29, 27, 172
44, 170, 38
38, 174, 14
65, 92, 169
171, 36, 15
175, 54, 176
55, 54, 177
173, 26, 171
167, 56, 178
179, 180, 14
181, 37, 29
181, 29, 182
183, 56, 184
178, 56, 183
185, 186, 187
184, 56, 55
94, 168, 91
177, 54, 175
80, 188, 76
189, 76, 188
40, 52, 41
190, 191, 53
189, 74, 76
93, 43, 41
57, 191, 190
192, 68, 70
88, 89, 41
191, 57, 193
194, 195, 196
197, 196, 198
75, 73, 72
193, 57, 18
199, 53, 191
73, 75, 74
102, 200, 98
201, 98, 200
188, 80, 97
202, 84, 83
203, 204, 196
204, 194, 196
41, 130, 81
72, 71, 77
145, 205, 18
206, 207, 196
207, 203, 196
208, 99, 98
208, 98, 201
193, 18, 205
208, 209, 99
205, 191, 193
62, 210, 48
211, 48, 210
212, 48, 211
213, 48, 212
213, 206, 48
200, 102, 101
214, 170, 65
111, 215, 109
31, 24, 216
216, 30, 31
38, 170, 174
217, 215, 218
214, 219, 170
170, 220, 174
169, 214, 65
180, 171, 15
70, 112, 110
221, 25, 21
182, 29, 172
180, 222, 171
171, 222, 173
23, 223, 21
70, 81, 215
15, 14, 180
24, 224, 216
110, 225, 70
225, 192, 70
154, 226, 215
162, 181, 182
154, 215, 81
172, 222, 182
173, 222, 172
227, 228, 179
174, 227, 179
179, 14, 174
169, 219, 214
168, 219, 169
25, 221, 229
181, 165, 10
10, 37, 181
230, 231, 145
221, 232, 229
233, 234, 79
220, 170, 219
165, 181, 162
235, 236, 237
216, 238, 30
238, 239, 30
240, 79, 66
216, 224, 238
241, 235, 237
24, 25, 224
224, 25, 229
242, 243, 244
245, 74, 189
229, 232, 224
238, 224, 239
224, 232, 239
242, 246, 243
246, 13, 243
239, 35, 30
247, 202, 219
96, 248, 61
249, 61, 248
94, 84, 202
249, 49, 61
250, 46, 50
245, 73, 74
96, 251, 248
252, 248, 251
245, 189, 73
188, 219, 189
47, 46, 253
250, 253, 46
254, 255, 56
34, 33, 256
257, 258, 259
78, 77, 83
260, 83, 77
247, 168, 94
202, 247, 94
247, 219, 168
83, 219, 202
260, 219, 83
77, 71, 260
261, 262, 263
262, 264, 263
265, 254, 56
209, 188, 97
71, 219, 260
266, 267, 268
97, 99, 209
71, 73, 219
73, 189, 219
208, 240, 209
269, 200, 101
270, 240, 269
271, 272, 273
271, 274, 275
275, 274, 276
277, 273, 272
278, 279, 280
276, 274, 281
282, 283, 284
285, 280, 282
281, 274, 286
286, 274, 287
102, 79, 101
288, 79, 289
290, 291, 79
292, 278, 280
293, 292, 280
294, 295, 296
288, 100, 79
284, 297, 282
297, 285, 282
264, 284, 283
287, 295, 294
298, 299, 300
301, 263, 264
283, 301, 264
291, 289, 79
279, 302, 280
302, 282, 280
56, 268, 63
303, 304, 290
303, 79, 305
306, 305, 79
290, 79, 303
12, 301, 283
234, 307, 79
234, 233, 308
307, 306, 79
272, 271, 309
309, 277, 272
307, 310, 306
33, 311, 312
265, 56, 166
313, 314, 56
314, 315, 56
255, 313, 56
234, 316, 307
317, 258, 293
318, 319, 291
318, 291, 290
315, 320, 56
257, 321, 293
289, 291, 319
270, 100, 322
270, 269, 100
101, 100, 269
289, 323, 322
324, 325, 326
321, 257, 241
290, 304, 318
325, 324, 327
328, 329, 32
322, 100, 288
288, 289, 322
330, 328, 32
33, 32, 329
305, 331, 303
259, 241, 257
32, 259, 330
332, 333, 241
333, 321, 241
308, 334, 234
316, 234, 334
268, 56, 161
237, 332, 241
258, 330, 259
306, 310, 335
336, 337, 315
320, 315, 337
305, 306, 335
338, 339, 340
340, 339, 341
314, 342, 315
243, 13, 12
310, 240, 335
320, 159, 56
320, 337, 159
343, 344, 11
319, 323, 289
345, 346, 347
346, 343, 347
159, 161, 56
163, 348, 268
349, 345, 347
12, 11, 344
318, 240, 319
350, 351, 352
353, 354, 355
356, 357, 358
359, 357, 360
361, 362, 363
364, 365, 366
367, 365, 364
368, 369, 370
370, 369, 371
372, 366, 365
373, 374, 367
341, 339, 375
305, 335, 331
322, 240, 270
304, 303, 331
335, 240, 331
376, 377, 378
378, 377, 379
380, 326, 381
310, 307, 316
319, 240, 323
327, 339, 382
322, 323, 240
380, 324, 326
330, 383, 328
324, 339, 327
384, 382, 339
328, 383, 329
316, 334, 240
385, 240, 334
380, 377, 324
381, 377, 380
332, 279, 333
386, 387, 388
146, 389, 145
390, 391, 145
392, 267, 393
39, 45, 38
66, 79, 72
20, 17, 146
333, 278, 321
75, 72, 79
72, 77, 66
394, 141, 144
393, 267, 395
292, 293, 321
396, 397, 146
12, 283, 243
278, 333, 279
220, 45, 39
394, 398, 141
66, 45, 220
389, 146, 17
330, 399, 383
329, 383, 311
400, 394, 144
33, 329, 311
398, 396, 142
401, 210, 402
157, 156, 403
142, 141, 398
62, 51, 402
404, 402, 51
144, 405, 400
162, 403, 156
406, 407, 403
47, 253, 51
404, 51, 253
332, 237, 279
302, 279, 237
135, 252, 251
237, 243, 302
282, 302, 243
180, 179, 228
227, 174, 220
330, 258, 399
317, 399, 258
162, 182, 222
408, 409, 150
408, 150, 105
103, 150, 409
209, 240, 188
228, 222, 180
239, 410, 35
201, 240, 208
408, 105, 148
411, 103, 409
316, 240, 310
39, 227, 220
412, 413, 139
412, 139, 120
292, 321, 278
304, 240, 318
219, 66, 220
414, 415, 118
200, 269, 240
257, 293, 258
118, 139, 414
413, 414, 139
116, 415, 121
283, 282, 243
200, 240, 201
240, 66, 219
22, 416, 120
301, 12, 344
417, 123, 117
125, 117, 123
127, 125, 124
418, 261, 345
419, 420, 421
422, 418, 349
134, 423, 135
417, 117, 138
301, 344, 343
104, 103, 424
411, 424, 103
425, 149, 424
426, 427, 428
62, 402, 210
401, 429, 210
211, 210, 429
233, 79, 240
203, 430, 431
203, 431, 204
203, 207, 432
203, 432, 430
343, 263, 301
431, 433, 204
434, 421, 435
206, 436, 207
422, 349, 437
438, 195, 194
343, 346, 263
261, 263, 346
435, 421, 420
195, 438, 198
439, 198, 438
346, 345, 261
440, 441, 421
441, 419, 421
345, 349, 418
429, 212, 211
442, 443, 33
428, 427, 421
444, 421, 427
445, 443, 442
219, 188, 240
446, 447, 448
449, 450, 451
452, 453, 448
454, 63, 268
312, 442, 33
432, 207, 436
455, 421, 456
304, 331, 240
456, 421, 447
455, 428, 421
442, 312, 450
212, 429, 457
442, 450, 449
448, 447, 421
457, 213, 212
49, 249, 458
458, 459, 49
50, 49, 459
459, 250, 50
460, 461, 462
252, 423, 463
464, 463, 423
248, 252, 463
465, 461, 460
466, 467, 468
468, 467, 469
469, 467, 470
471, 472, 473
474, 473, 472
250, 459, 463
475, 476, 434
470, 467, 477
465, 478, 461
479, 478, 465
479, 471, 478
480, 467, 481
477, 467, 480
458, 249, 463
459, 458, 463
249, 248, 463
423, 482, 464
423, 252, 135
474, 472, 483
484, 476, 485
486, 467, 487
487, 476, 484
481, 467, 486
488, 464, 482
489, 490, 491
469, 492, 468
485, 476, 475
493, 494, 448
440, 421, 444
495, 276, 281
496, 497, 473
469, 470, 492
498, 489, 491
498, 491, 499
500, 501, 481
496, 502, 497
276, 495, 275
496, 473, 503
504, 473, 497
271, 505, 309
474, 483, 499
506, 477, 507
508, 505, 275
468, 492, 509
487, 484, 510
506, 492, 470
506, 470, 477
500, 481, 486
511, 286, 287
477, 480, 507
512, 486, 487
487, 510, 512
462, 461, 478
499, 473, 474
491, 473, 499
491, 503, 473
513, 473, 514
515, 513, 514
513, 515, 516
501, 517, 507
480, 481, 501
507, 480, 501
518, 519, 520
500, 517, 501
506, 517, 492
506, 507, 517
521, 500, 486
521, 512, 517
500, 521, 517
516, 522, 513
522, 523, 513
523, 520, 513
512, 521, 486
478, 471, 473
510, 517, 512
524, 525, 526
513, 520, 519
395, 519, 518
504, 527, 473
527, 514, 473
511, 528, 286
529, 187, 186
528, 281, 286
530, 531, 296
532, 485, 475
510, 484, 485
511, 287, 294
475, 434, 533
533, 434, 435
428, 534, 426
535, 426, 534
526, 525, 536
537, 296, 538
534, 428, 455
298, 539, 538
535, 540, 426
541, 444, 540
542, 543, 370
419, 544, 420
529, 526, 187
545, 267, 546
441, 547, 419
544, 419, 547
187, 536, 548
187, 548, 185
549, 547, 440
519, 395, 267
362, 185, 550
548, 550, 185
440, 444, 541
427, 540, 444
551, 552, 553
554, 555, 556
557, 558, 370
559, 558, 557
560, 556, 561
392, 546, 267
427, 426, 540
550, 562, 559
420, 544, 563
563, 435, 420
564, 565, 377
565, 564, 566
441, 440, 547
567, 379, 377
549, 440, 541
538, 299, 298
532, 568, 485
296, 295, 538
568, 510, 485
354, 358, 569
357, 359, 362
569, 559, 557
370, 354, 557
20, 146, 397
398, 397, 396
398, 394, 570
400, 570, 394
391, 230, 145
571, 572, 573
574, 575, 576
577, 578, 573
579, 575, 574
573, 580, 575
580, 576, 575
581, 582, 132
389, 390, 145
577, 575, 583
577, 573, 575
569, 557, 354
575, 584, 585
585, 583, 575
143, 586, 144
586, 587, 144
357, 559, 569
585, 584, 588
568, 532, 517
20, 397, 589
517, 532, 533
18, 20, 589
532, 475, 533
590, 533, 435
591, 575, 592
559, 357, 550
533, 590, 517
362, 550, 357
593, 534, 455
18, 589, 145
143, 145, 589
541, 540, 594
535, 534, 540
456, 595, 455
593, 455, 595
596, 597, 598
599, 600, 601
602, 601, 600
603, 604, 575
604, 605, 575
605, 592, 575
606, 607, 608
590, 435, 563
598, 609, 596
547, 517, 544
517, 590, 544
598, 597, 575
597, 603, 575
610, 611, 607
612, 599, 601
613, 612, 614
615, 616, 608
594, 617, 549
579, 618, 575
619, 575, 618
620, 575, 619
609, 575, 620
609, 598, 575
621, 606, 608
563, 544, 590
541, 594, 549
534, 594, 540
621, 622, 606
623, 624, 625
613, 614, 626
627, 628, 601
614, 601, 628
601, 614, 612
595, 456, 447
621, 608, 616
629, 630, 631
632, 631, 630
423, 134, 482
446, 448, 453
633, 625, 634
635, 633, 634
634, 636, 637
637, 635, 634
186, 638, 452
639, 640, 641
300, 640, 639
642, 643, 644
148, 35, 410
645, 637, 636
148, 410, 408
644, 646, 647
641, 640, 642
116, 118, 415
647, 646, 648
138, 121, 415
649, 650, 651
652, 653, 654
655, 656, 657
658, 659, 660
648, 659, 658
660, 661, 656
138, 415, 417
414, 413, 417
412, 417, 413
412, 120, 416
412, 482, 417
595, 447, 662
136, 127, 126
446, 662, 447
126, 663, 136
137, 136, 663
664, 556, 560
665, 666, 667
133, 137, 134
663, 134, 137
668, 669, 670
657, 668, 670
657, 670, 655
671, 672, 670
595, 662, 673
92, 65, 66
134, 663, 482
126, 482, 663
124, 482, 126
123, 482, 124
123, 417, 482
669, 671, 670
415, 414, 417
412, 416, 482
446, 673, 662
674, 300, 639
446, 453, 673
104, 424, 149
675, 631, 676
677, 631, 675
629, 631, 677
425, 416, 22
425, 22, 149
593, 594, 534
595, 673, 593
408, 482, 409
410, 232, 408
239, 232, 410
411, 409, 482
416, 425, 482
425, 424, 482
411, 482, 424
678, 679, 631
679, 676, 631
680, 678, 631
462, 681, 682
683, 682, 681
682, 460, 462
465, 460, 684
545, 561, 556
472, 471, 685
686, 685, 471
687, 688, 631
680, 631, 688
483, 472, 685
433, 438, 194
194, 204, 433
545, 556, 267
471, 479, 686
689, 686, 479
430, 690, 431
689, 684, 691
664, 551, 556
551, 554, 556
692, 693, 694
684, 689, 479
684, 479, 465
683, 691, 682
684, 460, 691
682, 691, 460
695, 395, 518
503, 491, 490
433, 696, 438
431, 690, 433
490, 502, 496
490, 496, 503
489, 498, 697
498, 483, 697
206, 213, 436
698, 436, 213
699, 497, 502
700, 701, 702
393, 395, 703
695, 703, 395
704, 584, 705
457, 698, 213
691, 697, 686
502, 490, 697
703, 706, 393
498, 499, 483
702, 707, 708
504, 709, 527
710, 527, 709
711, 464, 712
712, 464, 488
497, 699, 504
709, 504, 699
708, 707, 713
697, 473, 513
516, 515, 714
715, 713, 716
707, 716, 713
710, 717, 514
710, 514, 527
718, 693, 692
719, 694, 693
720, 714, 515
721, 722, 723
717, 720, 515
717, 515, 514
267, 266, 519
717, 710, 697
710, 709, 697
709, 699, 697
699, 502, 697
483, 685, 697
686, 697, 685
686, 689, 691
724, 725, 683
726, 727, 519
728, 520, 523
561, 545, 729
730, 731, 732
729, 733, 561
478, 473, 697
721, 723, 734
735, 734, 723
706, 736, 392
723, 737, 735
738, 545, 546
739, 740, 732
740, 730, 732
728, 523, 522
741, 742, 743
744, 743, 742
745, 746, 732
746, 739, 732
714, 747, 516
742, 748, 749
742, 749, 744
748, 750, 751
748, 751, 749
732, 752, 745
753, 751, 754
750, 754, 751
755, 756, 757
691, 478, 697
738, 729, 545
478, 691, 725
754, 758, 759
754, 759, 753
756, 760, 757
738, 546, 736
520, 728, 761
748, 762, 750
742, 762, 748
750, 762, 754
751, 753, 763
759, 763, 753
764, 631, 632
765, 766, 764
747, 728, 522
743, 721, 741
734, 741, 721
767, 768, 769
714, 720, 727
728, 747, 727
560, 733, 664
522, 516, 747
518, 520, 761
770, 518, 761
758, 769, 768
758, 768, 759
747, 714, 727
720, 717, 727
762, 769, 758
758, 754, 762
762, 742, 741
771, 772, 773
741, 734, 762
744, 763, 743
743, 763, 721
552, 664, 733
761, 728, 727
697, 727, 717
490, 489, 697
774, 775, 776
556, 268, 267
777, 778, 215
779, 215, 778
780, 217, 218
227, 39, 16
781, 782, 779
783, 782, 781
784, 785, 782
786, 787, 775
788, 162, 2
789, 788, 790
791, 789, 790
777, 215, 217
785, 792, 782
770, 695, 518
793, 789, 794
794, 789, 795
647, 796, 644
639, 641, 674
797, 674, 641
798, 799, 22
800, 22, 799
23, 22, 800
392, 393, 706
546, 392, 736
641, 642, 797
801, 789, 793
802, 681, 789
803, 798, 22
644, 796, 642
770, 761, 726
804, 647, 648
777, 217, 805
780, 805, 217
727, 726, 761
805, 806, 778
805, 778, 777
807, 658, 660
695, 770, 726
726, 266, 695
808, 781, 779
809, 783, 781
810, 789, 791
795, 789, 810
811, 789, 801
478, 789, 681
681, 462, 478
5, 387, 788
779, 778, 808
806, 808, 778
658, 807, 804
658, 804, 648
811, 802, 789
513, 727, 697
812, 711, 813
655, 814, 656
2, 5, 788
815, 816, 624
667, 624, 816
703, 266, 706
478, 725, 789
670, 814, 655
817, 818, 819
788, 789, 725
820, 821, 670
119, 232, 819
816, 815, 821
816, 821, 820
803, 818, 822
823, 824, 667
703, 695, 266
822, 798, 803
388, 407, 386
798, 825, 799
513, 519, 727
826, 800, 799
827, 795, 828
736, 266, 738
808, 809, 781
218, 829, 780
830, 524, 831
832, 833, 793
729, 738, 266
783, 834, 813
831, 494, 830
794, 835, 793
111, 112, 218
811, 836, 802
736, 706, 266
711, 785, 784
681, 802, 724
790, 407, 791
726, 519, 266
837, 775, 838
837, 776, 775
839, 840, 841
775, 839, 841
841, 838, 775
810, 828, 795
794, 795, 835
828, 810, 791
553, 268, 348
826, 799, 825
842, 841, 843
843, 732, 731
840, 843, 841
560, 561, 733
827, 835, 795
266, 733, 729
833, 836, 801
636, 844, 845
801, 793, 833
844, 846, 845
832, 793, 835
847, 556, 848
849, 850, 846
851, 556, 852
791, 407, 406
853, 854, 846
854, 849, 846
850, 845, 846
852, 556, 855
266, 268, 733
856, 853, 654
653, 856, 654
790, 386, 407
857, 651, 858
650, 859, 651
859, 858, 651
860, 861, 862
791, 406, 828
388, 157, 403
863, 862, 864
864, 517, 865
862, 517, 864
828, 406, 403
827, 828, 403
866, 517, 862
28, 222, 16
228, 16, 222
16, 228, 227
811, 801, 836
867, 865, 517
833, 725, 836
510, 568, 517
868, 869, 858
222, 28, 162
2, 162, 28
865, 870, 864
724, 802, 836
835, 827, 403
871, 872, 873
865, 874, 870
874, 867, 875
683, 681, 724
832, 835, 403
724, 836, 725
407, 388, 403
691, 683, 725
833, 832, 725
403, 725, 832
161, 163, 268
876, 877, 878
553, 552, 268
874, 865, 867
869, 857, 858
879, 868, 858
552, 733, 268
876, 875, 867
880, 879, 858
881, 880, 858
403, 788, 725
858, 882, 881
162, 788, 403
625, 666, 626
883, 626, 666
884, 613, 626
884, 626, 883
616, 885, 886
612, 887, 599
600, 599, 888
631, 889, 687
888, 890, 600
606, 891, 607
887, 612, 613
887, 613, 884
687, 889, 591
575, 591, 889
601, 602, 892
666, 625, 633
893, 627, 601
893, 601, 892
627, 893, 628
894, 628, 893
895, 896, 897
894, 614, 628
898, 584, 899
900, 584, 898
899, 584, 901
902, 903, 904
905, 903, 902
906, 907, 905
599, 887, 908
599, 908, 888
904, 903, 909
602, 600, 890
887, 892, 908
908, 892, 888
910, 911, 912
913, 914, 910
607, 891, 915
895, 916, 896
917, 918, 919
575, 889, 920
892, 602, 890
884, 883, 887
883, 666, 887
893, 892, 666
887, 666, 892
890, 888, 892
921, 666, 633
575, 920, 901
922, 923, 924
925, 926, 901
917, 914, 913
927, 928, 919
929, 930, 906
931, 930, 929
932, 923, 933
916, 878, 877
894, 934, 614
933, 923, 931
916, 877, 896
935, 936, 921
665, 937, 666
894, 666, 934
893, 666, 894
938, 850, 849
939, 923, 940
938, 941, 850
919, 942, 917
854, 943, 849
897, 896, 877
944, 945, 946
867, 877, 876
556, 945, 775
731, 842, 843
880, 947, 879
948, 949, 752
950, 868, 879
949, 745, 752
752, 951, 948
757, 948, 951
951, 952, 757
953, 923, 939
954, 923, 953
955, 923, 954
940, 923, 922
956, 957, 958
943, 854, 853
943, 853, 959
946, 107, 957
960, 961, 957
946, 957, 962
946, 962, 944
963, 964, 965
966, 958, 961
967, 867, 968
968, 867, 969
969, 867, 970
959, 853, 856
971, 867, 972
971, 970, 867
653, 652, 973
974, 975, 976
977, 978, 974
979, 980, 977
981, 973, 651
652, 651, 973
760, 766, 765
981, 651, 857
755, 757, 952
765, 982, 760
982, 757, 760
631, 764, 766
645, 845, 941
983, 867, 984
985, 867, 986
637, 987, 635
988, 635, 987
988, 921, 635
633, 635, 921
985, 972, 867
987, 637, 645
845, 850, 941
989, 867, 990
984, 867, 991
989, 991, 867
869, 868, 992
983, 986, 867
653, 973, 993
653, 993, 856
994, 857, 869
556, 775, 995
786, 775, 996
857, 994, 981
997, 998, 999
1000, 999, 998
1001, 1002, 1003
1004, 873, 998
871, 1005, 1006
1007, 1006, 1005
1008, 631, 766
1009, 1010, 1011
1012, 1010, 1013
1011, 1010, 1012
1005, 871, 873
1014, 1002, 1001
1015, 1016, 505
422, 1017, 262
1018, 1019, 1020
1018, 1020, 1021
1008, 766, 760
1022, 1023, 1024
1025, 262, 1026
1007, 1027, 1006
1028, 1029, 1009
1013, 1010, 1030
1031, 1029, 1028
1032, 938, 849
1033, 1025, 1026
1034, 1035, 1014
1036, 1037, 1038
849, 943, 1032
645, 941, 1039
1040, 1029, 1031
1041, 1038, 1030
1042, 1014, 1001
1038, 1043, 1036
1039, 987, 645
941, 938, 1044
1039, 941, 935
1045, 935, 941
1001, 1003, 1046
1047, 1048, 1049
1046, 1042, 1001
273, 1003, 1050
943, 959, 1044
1044, 1045, 941
938, 1032, 1044
826, 1051, 800
1052, 919, 1053
1054, 1055, 1056
1054, 1056, 1034
1057, 454, 1058
1056, 1055, 1033
1059, 1033, 1055
1059, 1025, 1033
942, 919, 1052
867, 967, 877
454, 268, 1060
1042, 1054, 1034
1042, 1034, 1014
1061, 910, 1062
347, 262, 1025
783, 809, 834
1063, 1064, 1065
808, 464, 809
1066, 917, 1067
1068, 1046, 1003
950, 879, 947
1069, 917, 1070
808, 806, 464
805, 464, 806
780, 464, 805
273, 277, 1068
1003, 273, 1068
1019, 947, 881
1062, 910, 1071
1072, 910, 1061
812, 813, 834
950, 1073, 868
1046, 1068, 277
1067, 917, 1069
1074, 917, 1066
914, 917, 1074
1070, 917, 1075
809, 464, 834
834, 464, 812
829, 70, 780
993, 1076, 856
829, 218, 112
1075, 917, 942
1071, 910, 914
877, 1053, 919
711, 712, 785
488, 792, 712
1077, 271, 273
1078, 1079, 1080
784, 813, 711
1076, 959, 856
847, 1081, 1082
1080, 1083, 973
993, 973, 1083
812, 464, 711
1059, 1084, 1025
992, 994, 869
818, 817, 1085
1086, 1087, 1042
1055, 1054, 1088
1059, 1055, 1088
1081, 1089, 1082
822, 818, 1085
817, 822, 1085
817, 819, 232
1082, 556, 847
1090, 1044, 959
981, 1080, 973
1025, 1084, 347
825, 798, 822
347, 343, 11
1084, 1059, 1088
277, 1086, 1042
1091, 576, 580
992, 1080, 994
981, 994, 1080
1091, 574, 576
1073, 992, 868
347, 1084, 1088
1042, 1046, 277
309, 1050, 1002
1092, 579, 574
826, 825, 1051
825, 822, 223
817, 223, 822
232, 223, 817
1019, 1080, 947
950, 947, 1080
1076, 993, 1083
992, 1073, 1080
950, 1080, 1073
704, 1093, 588
1094, 588, 1093
232, 119, 482
999, 1095, 997
1096, 583, 585
221, 21, 223
1097, 1098, 1024
1051, 223, 800
23, 800, 223
1021, 1099, 1097
223, 232, 221
482, 408, 232
1051, 825, 223
571, 573, 578
578, 577, 583
1000, 998, 873
1094, 1096, 588
585, 588, 1096
1100, 1101, 1014
218, 215, 111
784, 782, 813
813, 782, 783
705, 1102, 704
579, 1092, 618
818, 803, 22
1103, 1035, 1034
1014, 1104, 1100
1002, 1014, 1101
1104, 1014, 1035
119, 819, 22
819, 818, 22
1105, 592, 605
1056, 1033, 1026
1005, 911, 1007
135, 782, 1106
792, 1106, 782
1103, 1034, 1026
1004, 1005, 873
591, 592, 1107
1105, 1107, 592
1034, 1056, 1026
1004, 911, 1005
998, 911, 1004
997, 911, 998
912, 911, 997
135, 95, 782
215, 779, 782
135, 1106, 119
1022, 1027, 1023
1108, 1023, 1027
1109, 891, 606
1097, 1024, 1110
464, 782, 1111
618, 1112, 619
880, 881, 947
782, 464, 215
881, 1020, 1019
482, 1106, 488
792, 488, 1106
1113, 1114, 604
1099, 1021, 1020
1021, 1115, 1018
1109, 915, 891
785, 712, 792
609, 1116, 596
1098, 1097, 1099
622, 1109, 606
112, 70, 829
401, 402, 463
1110, 1115, 1097
1097, 1115, 1021
119, 1106, 482
1117, 1118, 619
1119, 904, 909
1110, 1024, 1023
253, 250, 463
904, 1120, 902
1018, 1115, 1019
1108, 1115, 1023
1023, 1115, 1110
629, 1121, 630
404, 253, 463
1108, 1027, 1007
1007, 911, 1108
402, 404, 463
902, 1120, 905
909, 915, 1119
457, 463, 698
1122, 625, 614
429, 401, 463
457, 429, 463
70, 464, 780
464, 1111, 1123
1124, 629, 677
70, 215, 464
616, 886, 621
1125, 698, 463
1123, 463, 464
1124, 677, 675
678, 1126, 679
1127, 679, 1126
904, 1119, 1128
251, 96, 95
1128, 1120, 904
680, 1126, 678
1123, 1111, 463
1129, 625, 1122
906, 905, 1130
1131, 1130, 905
698, 1125, 436
1120, 1131, 905
1078, 1080, 1132
1133, 1080, 1134
1135, 1080, 1133
1134, 1080, 1079
1136, 1137, 623
1138, 1139, 1119
1128, 1119, 1139
1140, 1119, 915
1140, 1141, 1119
1109, 1140, 915
1115, 1108, 911
911, 910, 1072
1131, 1120, 1139
1120, 1128, 1139
1109, 1141, 1140
622, 1141, 1109
665, 1136, 623
929, 906, 1142
1142, 931, 929
1143, 1080, 1144
1129, 665, 623
197, 1145, 196
1145, 1146, 1147
1147, 196, 1145
931, 1148, 933
1149, 1122, 934
195, 198, 196
1150, 924, 932
1149, 666, 937
959, 1076, 1083
614, 934, 1122
932, 933, 1150
1148, 1150, 933
1122, 1149, 1129
937, 1129, 1149
922, 1151, 940
1152, 940, 1151
1135, 1144, 1080
1153, 1080, 1143
1154, 1155, 1080
1115, 1132, 1080
1152, 939, 940
939, 1156, 953
823, 667, 666
924, 1151, 922
937, 665, 1129
1157, 823, 666
665, 667, 1136
934, 666, 1149
1158, 954, 953
1159, 1157, 666
1160, 722, 1161
936, 1159, 666
906, 1130, 1142
1162, 1163, 722
1163, 1164, 722
921, 988, 935
666, 921, 936
1150, 1165, 924
1088, 1104, 1035
919, 897, 877
1080, 1019, 1115
1153, 1154, 1080
1155, 1083, 1080
959, 1083, 1166
959, 1166, 1090
1032, 943, 1044
988, 987, 935
987, 1039, 935
1167, 1168, 722
1169, 722, 1168
1170, 1171, 517
737, 723, 722
1160, 1172, 722
1172, 1173, 722
1173, 1174, 722
1175, 1026, 262
990, 867, 1176
1177, 1178, 1179
418, 422, 262
1017, 1175, 262
1180, 1181, 1147
722, 1147, 1181
1181, 1162, 722
1164, 1161, 722
261, 418, 262
1060, 1058, 454
1182, 1179, 1183
1183, 108, 1057
867, 517, 1184
1184, 1176, 867
1171, 1184, 517
1185, 1186, 1177
1169, 737, 722
1174, 1167, 722
1187, 1180, 1147
1188, 517, 1189
1054, 1042, 1088
1146, 1190, 1147
1190, 1191, 1147
1191, 1187, 1147
1192, 1193, 1194
1193, 1195, 1194
1196, 1194, 1195
1197, 1198, 1145
1199, 517, 1188
1200, 517, 1199
1145, 197, 1197
1201, 1197, 197
439, 1201, 198
1087, 1202, 1042
1200, 1203, 517
198, 1201, 197
1204, 1205, 1206
1207, 1180, 1187
1202, 1088, 1042
1208, 1209, 347
1208, 347, 1088
1195, 1210, 1211
1212, 1211, 1210
1203, 1170, 517
1213, 1189, 517
1214, 1205, 1204
1191, 1215, 1187
1216, 437, 347
1112, 1092, 1217
1209, 1216, 347
437, 349, 347
1092, 1218, 1217
547, 549, 617
617, 1213, 547
1219, 1220, 593
517, 547, 1213
1202, 1104, 1088
1164, 1221, 1161
1219, 593, 673
1220, 594, 593
1163, 1162, 1222
1223, 509, 517
1222, 1164, 1163
1224, 1225, 1173
1165, 1151, 924
1226, 1224, 1172
1227, 1228, 1229
1206, 1230, 1231
1231, 1232, 1233
1217, 1234, 1107
1235, 1236, 1237
1226, 1172, 1238
925, 1236, 926
1235, 926, 1236
1239, 1238, 1161
931, 1142, 1240
1240, 1148, 931
1241, 1215, 1190
1146, 1198, 1190
1142, 1130, 1242
1130, 1131, 1243
1243, 1244, 1130
1139, 1245, 1131
1245, 1243, 1131
1229, 752, 1227
1152, 1156, 939
732, 1246, 1227
1148, 1240, 1247
1242, 1247, 1240
1158, 953, 1156
954, 1248, 955
1249, 955, 1248
1181, 1250, 1162
954, 1158, 1248
1244, 1242, 1130
1165, 1150, 1247
1240, 1142, 1242
1162, 1250, 1222
1174, 1173, 1225
1173, 1172, 1224
1167, 1174, 1251
1160, 1238, 1172
1252, 1253, 597
1168, 1254, 1169
903, 1255, 909
1160, 1161, 1238
1191, 1190, 1215
1233, 1256, 1231
924, 923, 932
603, 597, 1253
1101, 1086, 277
597, 596, 1252
1201, 696, 1197
1257, 661, 1258
603, 1253, 604
1259, 1260, 1261
1262, 1261, 1260
1197, 696, 1198
432, 690, 430
438, 696, 439
620, 1116, 609
1035, 1103, 1088
735, 1263, 772
1201, 439, 696
1180, 1207, 1264
1180, 1264, 1265
1258, 1259, 1261
1207, 696, 1264
1087, 1100, 1202
688, 1266, 680
1261, 1267, 1268
1268, 1269, 1261
1270, 1261, 1269
1270, 1271, 1261
1261, 1271, 1272
1272, 1258, 1261
676, 679, 1127
1181, 1180, 1265
1181, 1265, 1250
1273, 1274, 676
1239, 1161, 1221
1104, 1202, 1100
1275, 1276, 1277
1087, 1086, 1100
1101, 1100, 1086
1239, 1221, 1278
277, 1002, 1101
1279, 1126, 680
1268, 1137, 672
696, 1278, 1265
1265, 1264, 696
1221, 1164, 1222
277, 309, 1002
574, 1091, 1218
1225, 1251, 1174
1218, 1092, 574
1251, 1254, 1167
1168, 1167, 1254
1209, 1026, 1216
1271, 1270, 668
669, 668, 1270
571, 578, 1217
572, 571, 1217
1208, 1103, 1209
1272, 657, 1258
773, 1169, 1254
1088, 1103, 1208
583, 1096, 1280
1224, 1226, 1278
1225, 1224, 1278
1226, 1238, 1278
1254, 1251, 1278
580, 573, 572
580, 572, 1091
1169, 773, 737
1263, 737, 773
1026, 1209, 1103
1281, 1217, 1236
1263, 735, 737
1216, 1175, 437
1017, 437, 1175
1091, 572, 1217
578, 1236, 1217
925, 1281, 1236
1268, 672, 1269
1280, 578, 583
1017, 422, 437
1280, 1236, 578
1096, 1236, 1280
1238, 1239, 1278
1251, 1225, 1278
1278, 771, 773
1216, 1026, 1175
1093, 1236, 1094
1094, 1236, 1096
1250, 1265, 1278
1222, 1250, 1278
1215, 696, 1207
1221, 1222, 1278
672, 1137, 1136
1146, 1145, 1198
669, 1270, 1269
1207, 1187, 1215
1218, 1091, 1217
1259, 661, 1260
618, 1092, 1112
773, 1254, 1278
1241, 696, 1215
1282, 1262, 1260
1241, 1190, 1198
1283, 1284, 1285
1114, 1105, 605
1198, 696, 1241
432, 436, 690
696, 433, 1286
1282, 1260, 661
1287, 1288, 1289
1290, 1289, 1288
1114, 1217, 1105
605, 604, 1114
1291, 436, 1125
1286, 433, 690
1291, 690, 436
1263, 773, 772
1259, 1258, 661
196, 1147, 1292
48, 206, 1293
1117, 619, 1112
1111, 782, 95
1147, 1294, 1295
1295, 1292, 1147
135, 251, 95
1293, 206, 196
1147, 722, 1294
1296, 1284, 1288
1296, 1285, 1284
1252, 1217, 1253
463, 95, 48
463, 48, 1125
1272, 1271, 668
1297, 1298, 1299
1125, 48, 1293
1125, 1293, 1291
1299, 1287, 1297
1291, 1293, 196
1291, 196, 690
690, 196, 1292
690, 1292, 1286
1285, 1296, 1300
1286, 1292, 1295
1286, 1295, 696
1113, 1217, 1114
463, 1111, 95
1136, 667, 672
1113, 604, 1253
1294, 1278, 696
1294, 696, 1295
1300, 1301, 1283
1300, 1283, 1285
667, 816, 672
596, 1217, 1252
671, 669, 1269
1113, 1253, 1217
1116, 1217, 596
620, 1118, 1116
1262, 1282, 659
1302, 1299, 1298
620, 619, 1118
1302, 1298, 1303
1107, 1105, 1217
1217, 1116, 1118
1217, 1118, 1117
1117, 1112, 1217
688, 687, 1266
1304, 1266, 687
1257, 1258, 657
1305, 1306, 1288
1279, 680, 1266
1287, 1307, 1288
1275, 1262, 646
659, 646, 1262
661, 660, 1282
659, 648, 646
1273, 676, 1127
1308, 1309, 1310
1311, 1121, 629
1301, 1312, 1283
1310, 1313, 1308
1314, 1315, 1310
1124, 1311, 629
1311, 1124, 1233
1316, 1317, 1313
1318, 1319, 1313
1287, 1299, 1307
675, 676, 1274
1296, 1306, 1300
1127, 1126, 1233
1320, 1316, 1313
1317, 1318, 1313
675, 1274, 1124
1273, 1127, 1233
1306, 1321, 1300
1124, 1274, 1233
1234, 1233, 1126
1296, 1288, 1306
1322, 1323, 1324
1274, 1273, 1233
1266, 1234, 1279
1126, 1279, 1234
1304, 1234, 1266
1305, 1288, 1307
1325, 1326, 1327
1302, 1325, 1327
1107, 1304, 687
687, 591, 1107
1229, 1328, 1214
1304, 1107, 1234
1329, 1310, 1330
1331, 694, 719
1331, 719, 1332
1325, 1302, 1303
694, 1331, 692
1333, 718, 692
1305, 1321, 1306
1326, 1334, 1327
1335, 1310, 1329
1324, 1310, 1315
1336, 1337, 1310
1337, 1330, 1310
1231, 1256, 1206
1301, 1300, 1321
1338, 1339, 1340
1060, 1341, 945
775, 945, 1341
1321, 1305, 1342
1343, 1310, 1309
1314, 1310, 1343
1335, 1344, 1339
1324, 1336, 1310
1344, 1340, 1339
944, 962, 1058
945, 944, 1060
1058, 1060, 944
951, 752, 1214
1321, 1345, 1346
1346, 1347, 1321
1063, 1065, 839
840, 839, 1065
1348, 1342, 1305
1349, 1348, 1305
1246, 843, 1065
1350, 1351, 1352
1305, 1307, 1349
1342, 1345, 1321
732, 1227, 752
840, 1065, 843
1353, 1349, 1307
843, 1246, 732
1354, 1355, 1356
1356, 1355, 1357
1358, 1298, 1289
1359, 1360, 1361
1298, 1297, 1289
1297, 1287, 1289
1362, 1185, 1177
1362, 1177, 966
1185, 1362, 1363
963, 1363, 1362
1364, 1350, 1365
963, 965, 1363
1290, 1288, 1284
1284, 1283, 1366
1367, 1368, 1355
1369, 1355, 1368
1370, 1371, 1298
1371, 1372, 1298
956, 1182, 1183
956, 1183, 957
1182, 956, 1179
1373, 1368, 1367
1374, 1370, 1298
1375, 1029, 1361
1376, 1355, 1369
1377, 1378, 1355
1377, 1355, 1379
1378, 1367, 1355
1380, 1374, 1298
1358, 1380, 1298
957, 1183, 962
1057, 962, 1183
1381, 1053, 877
1382, 1383, 1384
977, 1212, 1385
1386, 1309, 1308
977, 1211, 1212
1387, 1386, 1308
1387, 1308, 1319
976, 1196, 1211
1318, 1388, 1319
976, 1194, 1196
1382, 1384, 1389
971, 1390, 970
952, 1204, 1206
1391, 1315, 1314
1392, 1363, 965
1337, 1336, 1393
1337, 1393, 1330
952, 951, 1204
1214, 1204, 951
1391, 1314, 1343
421, 493, 448
1394, 1340, 1344
1344, 1335, 1394
186, 185, 1395
1179, 958, 1177
966, 1177, 958
1179, 956, 958
1057, 1058, 962
1316, 1320, 1396
1316, 1396, 1317
1397, 362, 361
1398, 362, 1397
1399, 362, 1398
1400, 362, 1399
1395, 362, 1400
569, 358, 357
1387, 1319, 1388
1392, 965, 1401
1401, 965, 1402
1401, 1402, 1385
979, 1385, 1402
1389, 1403, 1382
977, 1385, 979
363, 362, 359
974, 1211, 977
976, 1211, 974
1404, 1405, 719
1406, 1194, 976
1093, 704, 1102
1336, 1324, 1323
705, 1407, 1408
1256, 1008, 756
760, 756, 1008
1409, 708, 713
1410, 1330, 1393
755, 1206, 756
1256, 756, 1206
360, 357, 1411
1408, 1407, 701
1315, 1412, 1324
700, 702, 708
715, 1413, 713
1409, 713, 1413
1206, 755, 952
1330, 1410, 1329
1335, 1414, 1394
1415, 1414, 1329
1411, 357, 356
1416, 1340, 1394
1414, 1417, 1394
1229, 1214, 752
1333, 692, 1331
889, 1234, 920
354, 353, 1418
1419, 354, 1418
1420, 354, 1419
1383, 1382, 1421
1422, 1396, 1320
920, 1217, 1281
1317, 1396, 1423
1281, 925, 920
901, 920, 925
1102, 705, 1408
358, 354, 1420
1217, 920, 1234
889, 631, 1234
1234, 631, 1233
1256, 1233, 1008
1388, 1423, 1424
631, 1008, 1233
1425, 354, 1426
355, 354, 1425
1317, 1423, 1318
1388, 1318, 1423
899, 901, 926
1413, 715, 718
898, 1235, 900
1237, 900, 1235
1423, 1396, 1424
1422, 1424, 1396
1320, 1383, 1422
1421, 1422, 1383
900, 1237, 1427
1428, 1386, 1424
899, 926, 898
1235, 898, 926
1429, 1424, 1403
1430, 584, 900
1431, 1309, 1386
354, 352, 1426
1412, 1315, 1391
1432, 1433, 352
351, 1426, 352
1343, 1309, 1434
1431, 1434, 1309
1432, 352, 1435
1436, 1437, 584
354, 584, 1438
1336, 1323, 1393
1409, 1439, 708
701, 1440, 1408
1427, 1430, 900
1415, 1410, 1428
1322, 1428, 1323
1441, 1442, 1443
1442, 352, 1443
1444, 352, 1445
1446, 1447, 352
1444, 1435, 352
1427, 1448, 1430
1440, 1236, 1408
1322, 1324, 1412
700, 1440, 701
946, 945, 1449
1449, 945, 556
1415, 1329, 1410
1236, 1093, 1102
700, 1236, 1440
1322, 1412, 1428
1323, 1428, 1393
1391, 1428, 1412
1439, 700, 708
1450, 1362, 1451
1452, 1451, 1362
1434, 1391, 1343
1102, 1408, 1236
1409, 1413, 1453
1445, 352, 1447
1362, 966, 1452
958, 957, 961
960, 957, 1454
1455, 1413, 718
1456, 1457, 1455
1416, 1417, 1458
1333, 1455, 718
1335, 1329, 1414
978, 977, 980
980, 979, 1459
1459, 979, 1460
975, 974, 978
1461, 1406, 975
1460, 965, 964
1332, 1456, 1331
1332, 719, 1405
1393, 1428, 1410
1434, 1428, 1391
1386, 1428, 1431
1387, 1424, 1386
1388, 1424, 1387
1431, 1428, 1434
1462, 1406, 1461
1463, 1464, 1462
1465, 1464, 1463
1466, 1464, 1465
1467, 1464, 1466
1468, 1464, 1467
1469, 1464, 1468
1470, 1464, 1469
657, 1272, 668
820, 670, 672
1269, 672, 671
1471, 1359, 1361
1471, 1361, 1351
1472, 644, 643
1257, 656, 661
757, 1205, 948
1351, 1350, 1471
1473, 740, 739
1357, 1474, 1475
1476, 1475, 1474
659, 1282, 660
657, 656, 1257
816, 820, 672
1356, 1357, 1475
1276, 1275, 1472
1360, 1476, 1474
1360, 1474, 1375
746, 1477, 739
1473, 739, 1477
1442, 1478, 352
1446, 352, 1478
1475, 1479, 1356
1472, 643, 1480
1472, 1480, 1276
1354, 1356, 1479
1275, 646, 1472
1477, 746, 745
1481, 1443, 1482
1375, 1361, 1360
1483, 949, 948
1352, 1365, 1350
1484, 1485, 1486
1443, 1486, 1485
1487, 1482, 1443
1485, 1487, 1443
1488, 1489, 1379
1377, 1379, 1489
1489, 1490, 1377
1378, 1377, 1490
314, 1491, 342
1378, 1490, 1367
1373, 1367, 1490
1121, 632, 630
1492, 842, 731
646, 644, 1472
1354, 1493, 1488
1354, 1488, 1379
730, 1494, 731
1492, 731, 1494
837, 1064, 776
1495, 1277, 1496
1365, 1497, 1364
1498, 1277, 1499
1500, 1501, 1502
1503, 1504, 841
996, 1505, 1506
1507, 1506, 1505
1277, 1480, 1508
1508, 1499, 1277
1498, 1496, 1277
1509, 1510, 1502
786, 996, 1511
1506, 1511, 996
774, 1507, 1505
1510, 67, 1502
67, 1512, 1513
1514, 1513, 1512
1513, 1515, 67
1515, 1502, 67
1516, 774, 776
730, 740, 1517
1493, 1354, 1479
1518, 923, 955
1476, 1519, 1475
1230, 1520, 765
1521, 505, 1016
309, 505, 1050
1359, 1519, 1360
505, 508, 1015
1522, 537, 1495
1523, 537, 1522
967, 1524, 877
640, 1525, 1508
1499, 1508, 1525
1496, 1498, 1526
299, 1526, 1498
1524, 967, 1527
1526, 295, 1495
1526, 1495, 1496
1493, 1519, 1488
1488, 1519, 1489
1489, 1519, 1490
1528, 1527, 969
1525, 299, 1498
1525, 1498, 1499
1480, 643, 1508
640, 1508, 643
1390, 971, 972
1529, 1530, 1531
1532, 1531, 1530
1533, 1534, 1529
1495, 295, 1522
1490, 1519, 1373
1493, 1479, 1519
1479, 1475, 1519
1528, 969, 1535
1523, 274, 1015
144, 1534, 1533
1536, 1537, 1015
1406, 1462, 1464
965, 1460, 1402
976, 975, 1406
1538, 1539, 1540
964, 963, 1450
1541, 1540, 1542
968, 969, 1527
961, 1452, 966
1402, 1460, 979
1362, 1450, 963
907, 906, 1543
983, 984, 1544
915, 909, 1255
1545, 905, 907
607, 915, 1255
1540, 1546, 1538
1547, 1546, 1541
1548, 1546, 1547
1549, 1355, 1376
1541, 1546, 1540
1550, 1532, 923
1543, 906, 930
1551, 607, 1552
607, 1255, 1553
903, 905, 1545
1550, 923, 1518
1530, 923, 1532
930, 931, 923
986, 1554, 985
1379, 1355, 1354
1357, 1355, 1474
1555, 1546, 1556
1556, 1546, 1548
1557, 1558, 1559
1559, 1560, 1557
1561, 1368, 1373
1562, 1563, 1538
1542, 1540, 1539
1564, 1376, 1369
1564, 1565, 1376
1539, 1538, 1563
1548, 1566, 1556
1544, 1554, 983
986, 983, 1554
1567, 1544, 984
1541, 1542, 1568
1483, 948, 1205
1568, 1569, 1547
1568, 1547, 1541
1570, 985, 1554
1569, 1548, 1547
985, 1570, 972
1549, 1563, 1562
1057, 108, 454
1561, 1369, 1368
1555, 1571, 1572
1573, 1572, 1571
1186, 1185, 1574
1573, 1559, 1572
1571, 1556, 1575
1555, 1556, 1571
1576, 990, 1176
1178, 1177, 1186
1577, 1183, 1578
1576, 989, 990
1385, 1212, 1579
1578, 1183, 1178
1179, 1178, 1183
106, 1183, 1577
1580, 1534, 144
1560, 376, 1557
745, 949, 1228
1328, 1228, 949
1536, 1015, 274
745, 1228, 1477
949, 1483, 1328
274, 1523, 1581
1582, 1564, 1369
982, 1205, 757
764, 1583, 765
1549, 1376, 1565
1232, 1583, 632
886, 1584, 622
1232, 632, 1121
1521, 1016, 1077
1537, 1077, 1016
1077, 273, 1521
1522, 295, 1581
1584, 886, 1552
1050, 1521, 273
1516, 776, 1064
1537, 271, 1077
1536, 271, 1537
1150, 1148, 1247
838, 1504, 837
774, 1516, 1585
955, 1249, 1518
1526, 538, 295
1575, 1556, 1566
1525, 300, 299
640, 300, 1525
1586, 1518, 1249
1569, 1566, 1548
1585, 1507, 774
1016, 1015, 1537
1568, 1542, 1587
1542, 1539, 1587
1539, 1563, 1587
1519, 1587, 1563
1533, 405, 144
274, 271, 1536
1565, 1563, 1549
1588, 1531, 1532
1522, 1581, 1523
1582, 1561, 1519
1565, 1564, 1519
1564, 1582, 1519
1369, 1561, 1582
1581, 287, 274
295, 287, 1581
299, 538, 1526
643, 642, 640
991, 1567, 984
1533, 1529, 405
1589, 405, 1529
1573, 1560, 1559
1588, 1589, 1529
1588, 1529, 1531
1590, 1532, 1550
1571, 1575, 1587
1518, 1586, 1550
623, 625, 1129
1563, 1565, 1519
1373, 1519, 1561
1569, 1568, 1587
1268, 624, 1137
1480, 1277, 1276
1277, 1591, 1275
308, 233, 1592
1593, 1588, 1532
1594, 1592, 233
1521, 1050, 505
528, 1523, 1595
1596, 1597, 233
1597, 1598, 233
1598, 1594, 233
1050, 1003, 1002
495, 1015, 508
495, 1595, 1523
1523, 1015, 495
511, 531, 1523
1599, 1600, 233
1601, 233, 1600
1601, 1596, 233
1602, 1603, 1512
539, 1495, 537
537, 1523, 530
1604, 233, 1605
1606, 1607, 1512
1608, 1609, 1512
1610, 1602, 1512
1607, 1610, 1512
338, 1611, 1612
1613, 1614, 1611
348, 554, 551
348, 551, 553
1615, 1616, 1612
338, 1612, 1616
159, 337, 160
511, 1523, 528
531, 530, 1523
1604, 1605, 1617
554, 348, 555
163, 555, 348
281, 528, 1595
1618, 1619, 233
164, 161, 160
281, 1595, 495
508, 275, 495
1605, 233, 1619
337, 1512, 160
163, 164, 555
1620, 1621, 1614
1618, 233, 1621
271, 275, 505
664, 552, 551
555, 164, 556
1612, 1611, 1614
1614, 1613, 1622
1614, 1622, 1620
1623, 1557, 378
336, 315, 342
378, 379, 1624
378, 1624, 1623
342, 1512, 336
567, 1625, 1624
567, 1624, 379
566, 1625, 567
566, 1626, 1625
1625, 1626, 1624
1623, 1624, 1626
160, 1512, 164
336, 1512, 337
294, 531, 511
326, 1627, 381
1628, 361, 363
1628, 363, 1629
382, 1630, 327
1631, 327, 1630
296, 537, 530
1628, 1632, 361
1633, 1630, 384
382, 384, 1630
294, 296, 531
1634, 1635, 1066
1633, 1615, 1636
327, 1631, 325
1615, 1612, 1636
1630, 1633, 1636
797, 1637, 1277
1638, 1399, 1398
1639, 564, 1627
384, 1616, 1633
1615, 1633, 1616
1640, 1629, 359
363, 359, 1629
325, 1631, 1636
1631, 1630, 1636
539, 1641, 1495
567, 565, 566
381, 1627, 564
537, 538, 539
1636, 1626, 325
564, 1639, 566
326, 325, 1626
1642, 1643, 353
1644, 1645, 1599
1646, 1599, 1645
1277, 1495, 1641
1503, 841, 842
1592, 1594, 385
1647, 385, 1594
356, 562, 1411
1494, 730, 1517
674, 1277, 1641
385, 308, 1592
562, 356, 1648
334, 308, 385
1641, 539, 300
1642, 353, 355
1604, 1617, 1644
1645, 1644, 1617
358, 1648, 356
1649, 1081, 847
1596, 1650, 1597
1648, 358, 1420
1648, 1420, 558
852, 855, 1651
1652, 1651, 855
1653, 1647, 1598
1594, 1598, 1647
298, 300, 539
1654, 1649, 848
847, 848, 1649
558, 1420, 1419
1597, 1655, 1598
1653, 1598, 1655
848, 851, 1654
1656, 1654, 851
1600, 1599, 1646
1651, 1656, 851
1651, 851, 852
1425, 1426, 369
371, 369, 1426
1511, 787, 786
300, 674, 1641
369, 368, 1425
1601, 1600, 1657
995, 1658, 855
1652, 855, 1658
1637, 796, 1277
995, 787, 1658
796, 1591, 1277
982, 765, 1520
1647, 240, 385
740, 1473, 1517
1591, 804, 1275
1262, 1275, 804
797, 1277, 674
1659, 351, 350
1660, 1261, 807
804, 807, 1261
1661, 814, 1261
1261, 1262, 804
1261, 1660, 1661
1653, 365, 1647
1477, 1227, 1473
1532, 1590, 1593
1248, 1158, 1247
1655, 365, 1653
624, 1268, 815
1590, 1550, 1586
1657, 1600, 1646
1601, 1662, 1596
1650, 1596, 1662
1151, 1165, 1247
1655, 1597, 1650
405, 1663, 400
824, 625, 624
1662, 365, 1650
570, 1664, 397
1657, 1662, 1601
1261, 814, 1267
821, 1268, 1267
815, 1268, 821
1650, 365, 1655
626, 614, 625
1665, 1663, 1589
1591, 647, 804
647, 1591, 796
1589, 1588, 1665
1617, 365, 1645
372, 365, 1617
340, 1611, 338
1247, 1665, 1593
1588, 1593, 1665
1613, 1611, 341
340, 341, 1611
642, 1637, 797
1590, 1586, 1247
1593, 1590, 1247
796, 1637, 642
1249, 1248, 1247
1586, 1249, 1247
1158, 1156, 1247
1619, 366, 1605
372, 1605, 366
660, 1660, 807
372, 1617, 1605
341, 375, 1613
1622, 1613, 375
1141, 622, 1666
1228, 1227, 1477
1483, 1214, 1328
1205, 1214, 1483
1328, 1229, 1228
366, 1619, 364
1618, 364, 1619
1520, 1205, 982
656, 1661, 1660
656, 1660, 660
364, 1618, 1621
364, 1621, 367
1246, 1494, 1227
1230, 1206, 1520
1156, 1152, 1247
1589, 1663, 405
1666, 622, 1584
1620, 373, 1621
367, 1621, 373
1661, 656, 814
1230, 765, 1583
1152, 1151, 1247
373, 1620, 375
1622, 375, 1620
1583, 1231, 1230
1557, 376, 378
764, 632, 1583
1232, 1231, 1583
670, 1267, 814
821, 1267, 670
1065, 1492, 1246
1520, 1206, 1205
1121, 1311, 1233
1232, 1121, 1233
1243, 907, 1244
624, 667, 824
842, 1492, 1667
824, 823, 1668
1669, 529, 186
831, 1669, 186
362, 1395, 185
494, 831, 186
1543, 1242, 1244
493, 673, 494
673, 830, 494
862, 863, 860
866, 862, 861
860, 1670, 861
863, 1670, 860
861, 1670, 466
1504, 1064, 837
1671, 1553, 1666
863, 864, 870
1672, 875, 878
876, 878, 875
1064, 1063, 1516
874, 1670, 870
838, 841, 1504
878, 916, 1672
863, 870, 1670
874, 875, 1670
875, 1672, 1670
1673, 1670, 1672
1543, 1244, 907
910, 1674, 1675
912, 997, 1095
1507, 1341, 1506
1674, 910, 1095
912, 1095, 910
1095, 872, 1674
916, 895, 1673
1245, 1545, 1243
927, 919, 918
1511, 1506, 1341
1585, 1516, 1063
1503, 1065, 1504
1063, 1341, 1585
1584, 1552, 1666
1675, 918, 913
917, 913, 918
913, 910, 1675
1667, 1503, 842
1674, 872, 1675
897, 919, 928
1494, 1246, 1492
1667, 1065, 1503
1492, 1065, 1667
897, 928, 895
1141, 1553, 1138
895, 928, 1670
927, 1676, 928
1673, 1672, 916
1141, 1666, 1553
1504, 1065, 1064
1473, 1227, 1517
1517, 1227, 1494
1675, 872, 918
1673, 895, 1670
918, 1677, 927
923, 1530, 1665
1678, 1679, 1670
873, 872, 1000
1000, 872, 999
1139, 1545, 1245
999, 872, 1095
882, 1680, 881
1247, 923, 1665
1137, 624, 623
845, 645, 636
1676, 927, 1381
1242, 930, 923
1242, 923, 1247
930, 1242, 1543
1535, 928, 1528
1528, 928, 1527
1390, 928, 1535
1527, 928, 1524
1652, 1658, 268
1651, 1652, 268
907, 1243, 1545
1681, 787, 1511
1681, 1658, 787
928, 1390, 1670
1567, 1670, 1544
1544, 1670, 1554
1682, 1670, 1390
1345, 1342, 1290
1678, 1670, 1683
1684, 1576, 1670
1345, 1290, 1346
1685, 1684, 1670
1366, 1686, 1687
1658, 1681, 1341
1341, 268, 1658
1681, 1511, 1341
1507, 1585, 1341
1342, 1289, 1290
1341, 1063, 775
839, 775, 1063
1366, 1347, 1284
1346, 1284, 1347
1047, 1688, 1048
1689, 1048, 1688
1687, 1347, 1366
1381, 927, 1690
1689, 1036, 1048
1290, 1284, 1346
1690, 927, 1677
1524, 928, 1676
1691, 1692, 1693
1047, 1691, 1688
1693, 1688, 1691
1694, 871, 1695
1013, 1030, 1696
1697, 1030, 1037
1698, 871, 1699
1696, 1700, 1013
1701, 1702, 1115
872, 871, 1703
1036, 1704, 1037
1705, 1695, 871
1706, 1705, 871
1707, 1706, 871
1634, 871, 1635
1699, 871, 1634
1698, 1703, 871
1677, 918, 872
1708, 1009, 1011
1708, 1709, 1009
1694, 1635, 871
1710, 1707, 871
1040, 1031, 1711
1370, 1712, 1371
1713, 1371, 1712
1702, 1701, 1027
1370, 1374, 1712
1714, 1692, 1715
1380, 1348, 1349
1211, 1196, 1195
1716, 1717, 1385
1401, 1385, 1717
1392, 1401, 1717
1717, 1718, 1392
1363, 1392, 1718
1380, 1349, 1353
1719, 1720, 1721
1721, 1720, 1722
1721, 1722, 1723
1721, 1723, 1724
1721, 1724, 1192
1579, 1716, 1385
1089, 1714, 1715
1725, 1726, 1721
1726, 1719, 1721
1574, 1185, 1727
1721, 1192, 1194
1718, 1727, 1363
1185, 1363, 1727
1210, 1579, 1212
1353, 1374, 1380
1030, 1728, 1696
1427, 1236, 1448
370, 543, 1236
1012, 1013, 1700
1289, 1342, 1348
1030, 1697, 1728
1353, 1712, 1374
1143, 882, 1153
1012, 1700, 1011
1380, 1358, 1348
1348, 1358, 1289
1729, 1668, 1159
1730, 1031, 1709
1031, 1730, 1711
1731, 1040, 1497
1711, 1497, 1040
1729, 1159, 936
1688, 1732, 1689
1692, 1733, 1693
1734, 1735, 1736
1737, 1734, 1738
1053, 1381, 1052
1011, 1700, 1739
1697, 1740, 1728
1696, 1741, 1700
1728, 1741, 1696
1697, 1037, 1704
1011, 1739, 1708
1028, 1009, 1709
1028, 1709, 1031
1742, 1736, 1735
1742, 1743, 1736
1700, 1741, 1739
1739, 1741, 1708
1704, 1744, 1697
1741, 1745, 1709
1708, 1741, 1709
1689, 1704, 1036
1746, 1738, 1736
1736, 1747, 1746
1738, 1734, 1736
1693, 1732, 1688
1706, 1072, 1061
1692, 1714, 1733
1748, 1749, 451
1750, 1751, 1748
1751, 1746, 1748
1752, 1748, 1746
1466, 1465, 1722
1298, 1372, 1303
1303, 1372, 1753
1753, 1372, 1743
1711, 1745, 1497
443, 1750, 451
1089, 1754, 1714
1738, 1746, 1755
1755, 1737, 1738
1756, 1735, 1757
1470, 1726, 1725
1737, 1757, 1734
1081, 1754, 1089
1649, 1654, 268
1654, 1656, 268
1074, 1635, 914
1451, 1574, 1727
1451, 1727, 1450
1742, 1758, 1743
1677, 942, 1690
1186, 1574, 1451
1734, 1757, 1735
1334, 1743, 1758
1742, 1735, 1758
1756, 1758, 1735
719, 693, 1404
1075, 872, 1070
1743, 1334, 1753
961, 960, 1178
1759, 1404, 693
1750, 443, 1760
1761, 693, 1762
1074, 1066, 1635
1763, 1338, 1458
1737, 1755, 1764
903, 1545, 1139
1765, 1759, 693
1705, 1062, 1071
903, 1139, 1255
1138, 1255, 1139
1766, 693, 1761
1766, 1765, 693
1138, 1553, 1255
1706, 1061, 1705
1767, 1762, 1763
1671, 1666, 1552
1768, 589, 397
1762, 1767, 1761
397, 398, 570
1634, 1066, 1067
1769, 1759, 1765
1703, 1698, 1070
1770, 1759, 1769
1766, 1771, 1765
1338, 1340, 1458
1405, 1404, 1770
1707, 1710, 1072
1772, 1761, 1767
570, 400, 1663
1638, 1398, 1397
1763, 1458, 1773
1690, 1052, 1381
1395, 525, 186
1761, 1772, 1766
980, 1579, 1210
1703, 1070, 872
1579, 980, 1716
1459, 1716, 980
1399, 1638, 1774
1069, 1698, 1067
1459, 1717, 1716
1763, 1773, 1767
1400, 1775, 1395
1759, 1770, 1404
1774, 1775, 1399
1332, 1405, 1456
1770, 1456, 1405
359, 360, 1640
1776, 1640, 360
1769, 1771, 1456
1411, 1777, 360
1062, 1705, 1061
1466, 1722, 1720
1778, 1456, 1773
1767, 1773, 1456
1723, 1722, 1465
1465, 1724, 1723
1769, 1765, 1771
1771, 1772, 1456
1779, 1702, 1027
1701, 1710, 1027
1006, 1027, 1710
1766, 1772, 1771
1780, 1781, 1027
1772, 1767, 1456
1069, 1070, 1698
1781, 1779, 1027
871, 1006, 1710
1340, 1416, 1458
1075, 942, 872
1394, 1417, 1416
1773, 1458, 1778
1407, 584, 701
1534, 1663, 1665
1194, 1406, 1721
1333, 1331, 1456
1455, 1333, 1456
1464, 1470, 1721
705, 584, 1407
701, 584, 702
1665, 1530, 1534
1452, 1186, 1451
1186, 1452, 961
1644, 1599, 233
1178, 1186, 961
1578, 1178, 960
1454, 1577, 960
855, 556, 995
1505, 996, 775
1071, 1695, 1705
1461, 975, 1193
914, 1635, 1694
787, 995, 775
1614, 1621, 233
1468, 1726, 1469
942, 1677, 872
575, 901, 584
1505, 775, 774
1695, 1071, 1694
914, 1694, 1071
1604, 1644, 233
1462, 1192, 1463
1461, 1193, 1462
1052, 1690, 942
1352, 1029, 1365
1365, 1029, 1731
975, 1195, 1193
978, 1210, 975
1195, 975, 1210
1210, 978, 980
1731, 1029, 1040
1037, 1030, 1038
1078, 1779, 1079
1043, 1049, 1036
1781, 1780, 1079
1460, 1717, 1459
1460, 964, 1717
1718, 1717, 964
1041, 1030, 1010
1719, 1726, 1468
1048, 1036, 1049
1719, 1468, 1720
1467, 1720, 1468
1467, 1466, 1720
1134, 1780, 1133
911, 1710, 1115
1782, 1780, 1027
1783, 1457, 1534
1027, 1022, 1782
1692, 1691, 1049
1691, 1047, 1049
1089, 556, 1082
1022, 1024, 1782
1784, 1782, 1024
1383, 1320, 1313
1389, 1384, 1313
1384, 1383, 1313
634, 625, 1729
1668, 625, 824
1319, 1308, 1313
846, 654, 853
1729, 625, 1668
1134, 1079, 1780
654, 649, 651
1680, 1785, 881
1762, 693, 1763
1779, 1078, 1702
588, 584, 704
718, 715, 716
851, 848, 556
1715, 1049, 1089
1099, 1020, 1784
707, 702, 584
1785, 1784, 881
1020, 881, 1784
1024, 1098, 1784
1098, 1099, 1784
1570, 1670, 1682
651, 652, 654
1701, 1115, 1710
1010, 1009, 1029
1692, 1049, 1715
556, 1089, 1049
396, 146, 143
142, 396, 143
1351, 1029, 1352
1474, 1355, 1375
1680, 1143, 1144
582, 191, 205
191, 582, 199
581, 199, 582
199, 581, 130
199, 130, 41
1576, 1683, 1670
882, 858, 1153
1580, 144, 587
1614, 1636, 1612
1627, 326, 1626
1143, 1680, 882
1786, 1670, 1787
1679, 1787, 1670
1570, 1554, 1670
1567, 1685, 1670
467, 466, 1788
1668, 823, 1157
1157, 1159, 1668
1788, 466, 1789
1789, 466, 1790
1790, 466, 1791
936, 634, 1729
365, 1614, 233
1791, 466, 1670
1792, 1335, 1339
1338, 1763, 693
716, 1783, 718
1639, 1627, 1626
1559, 1558, 1572
1555, 1572, 1558
1724, 1465, 1463
1793, 1335, 1792
1192, 1724, 1463
634, 936, 935
634, 935, 636
1192, 1462, 1193
1045, 844, 935
1464, 1721, 1406
1562, 1355, 1549
1361, 1029, 1351
1725, 1721, 1470
1794, 1335, 1793
1795, 1335, 1794
1310, 1335, 1795
649, 1166, 1083
1029, 1375, 1355
1470, 1469, 1726
1796, 1389, 1313
763, 1796, 1797
1313, 1797, 1796
768, 767, 763
1718, 964, 1450
1558, 1557, 1626
1166, 649, 1090
1727, 1718, 1450
1562, 1546, 1355
1436, 1448, 1437
1437, 1448, 543
1132, 1115, 1702
1639, 1626, 566
1557, 1623, 1626
1436, 1430, 1448
1781, 1079, 1779
1562, 1538, 1546
1546, 1555, 1558
1430, 1436, 584
1132, 1702, 1078
1798, 1558, 1626
1546, 1558, 1798
355, 368, 1642
1784, 1135, 1782
1646, 1645, 365
1438, 352, 354
1433, 350, 352
1481, 1441, 1443
543, 1438, 1437
1418, 1643, 1419
1081, 1649, 268
911, 1072, 1710
352, 1799, 1443
1656, 1651, 268
1800, 1801, 1432
1144, 1785, 1680
1732, 1754, 268
240, 1647, 365
1433, 1802, 350
1803, 1804, 1486
268, 556, 1732
1805, 1806, 1807
350, 1802, 1659
240, 365, 233
1447, 1808, 1445
1809, 1810, 1486
1810, 1484, 1486
1662, 1657, 365
1811, 1812, 1445
1754, 1081, 268
1060, 268, 1341
1813, 1814, 1810
1657, 1646, 365
1443, 1815, 1486
1808, 1447, 1446
1808, 1446, 1816
1133, 1782, 1135
1782, 1133, 1780
1809, 1486, 1804
1487, 1485, 1817
1818, 1804, 1803
1731, 1497, 1365
1481, 1482, 1819
1135, 1784, 1144
1785, 1144, 1784
1481, 1819, 1441
1820, 1441, 1819
1038, 1041, 1740
1803, 1821, 1822
1822, 1818, 1803
1441, 1820, 1442
1478, 1816, 1446
1821, 1823, 1822
1741, 1740, 1010
1041, 1010, 1740
859, 1155, 1154
859, 1154, 858
1155, 859, 1083
1485, 1484, 1817
1732, 1049, 1043
1154, 1153, 858
1049, 1732, 556
1824, 1807, 1806
1807, 1825, 1805
1826, 1822, 1823
1482, 1827, 1819
1355, 1519, 1029
1745, 1029, 1519
1010, 1029, 1741
1745, 1741, 1029
846, 844, 1044
1045, 1044, 844
1828, 1478, 1442
1487, 1827, 1482
1823, 1805, 1826
1397, 361, 1632
1807, 1824, 1829
1632, 1638, 1397
636, 935, 844
1830, 1831, 1824
453, 452, 638
1090, 654, 1044
1832, 434, 476
186, 525, 638
1083, 650, 649
673, 453, 638
525, 673, 638
846, 1044, 654
452, 448, 494
186, 452, 494
1626, 377, 1798
654, 1090, 649
476, 487, 467
1546, 1798, 1587
1786, 1791, 1670
421, 434, 1832
859, 650, 1083
525, 1395, 1775
1355, 1546, 1519
1587, 1519, 1546
1775, 550, 525
1535, 970, 1390
1400, 1399, 1775
970, 1535, 969
1497, 1745, 1364
1730, 1745, 1711
1629, 550, 1628
1628, 550, 1632
1632, 550, 1638
1774, 550, 1775
1638, 550, 1774
548, 536, 525
1471, 1519, 1359
1689, 1732, 1704
1203, 1786, 1170
548, 525, 550
550, 1629, 1640
1733, 1732, 1693
1679, 1171, 1787
1381, 877, 1676
1787, 1170, 1786
1776, 360, 1777
562, 550, 1777
1776, 1777, 550
1740, 1697, 1744
1741, 1728, 1740
1418, 353, 1643
1744, 1704, 1833
1676, 877, 1524
1411, 562, 1777
968, 1527, 967
1038, 1740, 1744
1678, 1176, 1184
1640, 1776, 550
1184, 1171, 1678
1679, 1678, 1171
972, 1682, 1390
1833, 1704, 1732
1170, 1787, 1171
1714, 1732, 1733
1038, 1744, 1043
1833, 1043, 1744
1648, 559, 562
1732, 1043, 1833
1834, 558, 1419
558, 559, 1648
1834, 370, 558
1419, 1643, 1834
368, 370, 1642
1834, 1643, 370
355, 1425, 368
1642, 370, 1643
1570, 1682, 972
1659, 371, 1426
1176, 1678, 1683
1433, 1432, 1801
1754, 1732, 1714
1176, 1683, 1576
1684, 989, 1576
1800, 1799, 1801
1432, 1435, 1800
1350, 1364, 1745
1519, 1471, 1745
1730, 1709, 1745
1684, 1685, 989
991, 989, 1685
1213, 467, 1189
1788, 1189, 467
1433, 1801, 1802
1567, 991, 1685
376, 1560, 1798
1566, 1569, 1587
1426, 351, 1659
1789, 1188, 1189
1789, 1189, 1788
1790, 1199, 1789
1188, 1789, 1199
1659, 1802, 1799
1801, 1799, 1802
1835, 1799, 1800
1791, 1786, 1200
1835, 1800, 1435
1698, 1699, 1067
1444, 1812, 1435
1835, 1435, 1812
1812, 1811, 1799
1835, 1812, 1799
1444, 1445, 1812
1203, 1200, 1786
1199, 1790, 1200
1791, 1200, 1790
1659, 1799, 371
1811, 1808, 1799
1213, 476, 467
1219, 493, 1220
1484, 1810, 1814
365, 367, 374
373, 375, 374
339, 374, 375
374, 1614, 365
1811, 1445, 1808
1614, 374, 1636
339, 1636, 374
1072, 1706, 1707
1808, 1816, 1799
1816, 1836, 1799
339, 377, 1636
1832, 594, 1220
617, 476, 1213
565, 567, 377
594, 1832, 617
564, 377, 381
1634, 1067, 1699
1817, 1484, 1814
1573, 1798, 1560
339, 324, 377
421, 1220, 493
1487, 1817, 1837
1219, 673, 493
1575, 1566, 1587
1220, 421, 1832
1442, 1820, 1828
476, 617, 1832
1816, 1478, 1836
338, 1616, 339
830, 525, 524
673, 525, 830
1836, 1828, 1799
1828, 1836, 1478
1573, 1571, 1798
1819, 1838, 1820
1827, 1838, 1819
376, 1798, 377
1616, 384, 339
1837, 1827, 1487
1838, 1799, 1828
1817, 1838, 1837
1827, 1837, 1838
536, 187, 526
529, 524, 526
1350, 1745, 1471
1360, 1519, 1476
1587, 1798, 1571
1813, 1815, 1814
1626, 1636, 377
1669, 524, 529
313, 1491, 314
831, 524, 1669
167, 178, 1606
1607, 1606, 178
1607, 178, 1610
183, 1610, 178
166, 167, 1609
157, 387, 5
468, 509, 466
157, 388, 387
466, 1223, 861
386, 790, 788
8, 1839, 2
387, 386, 788
55, 1603, 184
1602, 184, 1603
1840, 1826, 1805
1603, 55, 1514
177, 1514, 55
140, 1839, 8
114, 1839, 140
1513, 175, 1515
176, 1515, 175
1825, 1840, 1805
113, 151, 9
0, 9, 151
866, 861, 1223
0, 151, 1
1513, 1514, 175
177, 175, 1514
1, 3, 2
113, 9, 114
184, 1602, 183
1610, 183, 1602
114, 2, 1839
9, 2, 114
1223, 466, 509
255, 1841, 313
1491, 313, 1841
1606, 1609, 167
1608, 265, 1609
1842, 1830, 1500
1603, 1514, 1512
1502, 1842, 1500
1501, 1509, 1502
1806, 1500, 1824
1830, 1824, 1500
1223, 517, 866
254, 1843, 255
1841, 255, 1843
166, 1609, 265
1454, 957, 107
509, 492, 517
254, 265, 1843
1608, 1843, 265
1609, 1606, 1512
1491, 1841, 1512
1843, 1608, 1512
1841, 1843, 1512
611, 615, 607
608, 607, 615
1844, 1500, 1806
1339, 1338, 693
610, 607, 1845
693, 718, 1783
1846, 607, 1847
1845, 607, 1846
1534, 1580, 1783
607, 1848, 1847
1449, 556, 64
1849, 1847, 1848
64, 556, 1512
1845, 1850, 610
1851, 610, 1850
556, 164, 1512
342, 1491, 1512
1851, 611, 610
454, 1449, 64
946, 1449, 454
1845, 1846, 1850
1852, 1850, 1846
1846, 1847, 1852
1849, 1852, 1847
1815, 1443, 1838
542, 1438, 543
1838, 1443, 1799
1438, 542, 352
1853, 1813, 1809
1810, 1809, 1813
611, 885, 615
1854, 1855, 1821
1823, 1821, 1855
1856, 1849, 1848
1803, 1857, 1821
1851, 885, 611
1858, 1840, 1825
1858, 1825, 1859
616, 615, 885
1860, 1861, 1822
1850, 886, 1851
1826, 1862, 1822
1860, 1822, 1862
1858, 1862, 1840
1826, 1840, 1862
1825, 1807, 1829
693, 1783, 1580
1851, 886, 885
622, 621, 886
1852, 1863, 1850
1856, 1864, 1849
1849, 1864, 1852
1530, 1529, 1534
1804, 1865, 1809
1866, 1848, 1312
1848, 1867, 1312
1486, 1857, 1803
1301, 1866, 1312
1854, 1821, 1857
1868, 1869, 1792
1853, 1809, 1865
1856, 1848, 1866
1818, 1861, 1804
1301, 1321, 1866
1870, 1871, 607
1553, 1671, 607
1870, 607, 1551
1848, 607, 1872
1671, 1552, 607
1873, 1797, 1313
1448, 1236, 543
370, 371, 1799
370, 1799, 542
1799, 352, 542
693, 1874, 1339
1814, 1815, 1817
1872, 607, 1871
1875, 1848, 1872
1857, 1865, 1854
1815, 1813, 1853
1853, 1865, 1815
1838, 1817, 1815
1828, 1820, 1838
1857, 1486, 1815
768, 763, 759
749, 763, 744
1865, 1804, 1861
1312, 1867, 1283
1818, 1822, 1861
1862, 1855, 1860
1858, 1876, 1862
1859, 1876, 1858
1875, 1877, 1848
1796, 763, 1878
1879, 1878, 763
1879, 763, 767
1855, 1854, 1865
1880, 1848, 1877
1861, 1860, 1855
1865, 1861, 1855
1848, 1880, 1881
1855, 1862, 1876
1857, 1815, 1865
1882, 771, 1294
772, 771, 1882
1876, 1805, 1855
1882, 1294, 722
1805, 1823, 1855
1686, 1283, 1883
1883, 1283, 1867
1366, 1283, 1686
1881, 1867, 1848
1824, 1884, 1829
749, 751, 763
722, 721, 763
1830, 1842, 1831
763, 762, 722
722, 772, 1882
1884, 1824, 1831
1885, 1831, 1842
1885, 1842, 1502
1409, 1886, 1439
1887, 1888, 1889
1805, 1876, 1806
1889, 1806, 1876
1578, 960, 1577
107, 106, 1454
1577, 1454, 106
946, 108, 107
454, 108, 946
1806, 1889, 1888
1510, 1888, 67
54, 67, 1888
1500, 1844, 1501
1888, 1890, 1806
1844, 1509, 1501
1887, 54, 1888
1844, 1806, 1890
1509, 1890, 1510
1888, 1510, 1890
1737, 1764, 1757
1890, 1509, 1844
1760, 1751, 1750
64, 63, 454
1746, 1891, 1755
1236, 700, 1886
886, 1850, 1863
1856, 1321, 1864
1512, 56, 64
1892, 1864, 1321
56, 1512, 67
1893, 1894, 1321
1138, 1119, 1141
1863, 1852, 1864
1866, 1321, 1856
1859, 1825, 1829
1894, 1892, 1321
1439, 1886, 700
1895, 1321, 1896
1897, 443, 451
1334, 1326, 1753
1895, 1893, 1321
1326, 1325, 1753
1829, 1876, 1859
1898, 1321, 1687
1898, 1899, 1321
1896, 1321, 1899
1347, 1687, 1321
1831, 1887, 1884
1900, 1885, 1502
584, 1236, 707
1891, 1901, 1755
1764, 1755, 1757
1884, 1889, 1829
1900, 1887, 1885
1875, 1892, 1894
1751, 1760, 1902
1502, 1515, 1900
176, 1900, 1515
1889, 1884, 1887
1876, 1829, 1889
1887, 1900, 54
176, 54, 1900
1885, 1887, 1831
1758, 1901, 1334
1757, 1901, 1756
1755, 1901, 1757
108, 1183, 106
1746, 1751, 1891
1902, 1891, 1751
1551, 1552, 886
443, 1903, 1760
1863, 1870, 886
1760, 1903, 1902
1303, 1753, 1325
1877, 1894, 1893
1327, 1713, 1302
1904, 1327, 1334
1905, 1904, 1334
1756, 1901, 1758
1892, 1872, 1871
1905, 1334, 1901
1872, 1892, 1875
1864, 1892, 1871
1901, 1891, 1906
1906, 1891, 1907
1551, 886, 1870
1908, 1909, 1891
1907, 1891, 1910
1908, 1891, 1903
1911, 443, 1912
1903, 443, 1911
1864, 1871, 1870
1864, 1870, 1863
1913, 443, 445
1875, 1894, 1877
1912, 443, 1913
256, 33, 443
1910, 1891, 1909
1713, 1712, 1307
1307, 1299, 1713
1880, 1893, 1895
1299, 1302, 1713
1712, 1353, 1307
1902, 1903, 1891
312, 451, 450
1895, 1896, 1880
1747, 1914, 1746
1915, 1746, 1914
1915, 1916, 1746
1880, 1877, 1893
1752, 1746, 1916
1917, 451, 1749
1896, 1881, 1880
1886, 707, 1236
1899, 1881, 1896
451, 1750, 1748
1917, 1918, 451
1918, 449, 451
1372, 1919, 1743
1920, 1743, 1919
1736, 1743, 1920
1899, 1867, 1881
1883, 1867, 1898
1899, 1898, 1867
1898, 1687, 1883
1686, 1883, 1687
1427, 1237, 1236
1886, 1409, 1453
1903, 1911, 1749
449, 445, 442
1911, 1912, 1749
1915, 1914, 1910
1915, 1910, 1909
716, 1886, 1453
205, 145, 231
231, 1921, 205
582, 205, 1921
1886, 716, 707
1906, 1747, 1901
1457, 1783, 716
1457, 716, 1453
445, 449, 1913
1912, 1917, 1749
1663, 1534, 1457
1922, 86, 130
1907, 1910, 1914
1429, 1403, 1796
1922, 130, 129
1907, 1914, 1747
1907, 1747, 1906
1389, 1796, 1403
1424, 1421, 1382
1421, 1424, 1422
1918, 1917, 1913
1921, 57, 1923
1916, 1915, 1909
1770, 1769, 1456
1869, 1868, 1414
1736, 1901, 1747
128, 130, 131
1413, 1455, 1453
190, 53, 1923
132, 1923, 53
1903, 1749, 1748
570, 1457, 1456
1918, 1913, 449
1921, 1923, 582
1923, 132, 582
130, 581, 132
41, 53, 199
1768, 397, 1664
1912, 1913, 1917
1916, 1909, 1908
1916, 1908, 1752
1924, 215, 1925
109, 215, 1926
1926, 215, 1924
1752, 1908, 1748
1903, 1748, 1908
1927, 215, 226
1925, 215, 1927
1736, 1905, 1901
154, 130, 226
1327, 1372, 1713
1372, 1327, 1919
1928, 226, 130
90, 88, 1928
1920, 1919, 1905
1768, 1664, 586
586, 143, 1768
86, 85, 130
90, 130, 85
1928, 130, 90
1371, 1713, 1372
389, 17, 390
587, 1664, 1580
1904, 1919, 1327
1920, 1905, 1736
391, 390, 60
19, 60, 390
1904, 1905, 1919
1664, 587, 586
19, 390, 17
589, 1768, 143
1437, 1438, 584
391, 60, 230
570, 1580, 1664
58, 231, 59
40, 129, 128
129, 42, 1922
1236, 584, 370
128, 131, 40
1414, 1415, 1428
354, 370, 584
11, 284, 264
131, 132, 52
53, 52, 132
1929, 1930, 399
82, 1927, 226
1931, 1932, 293
1932, 1933, 293
68, 1924, 1925
264, 262, 11
1428, 1934, 1414
1935, 1414, 1934
1869, 1414, 1935
1868, 1417, 1414
1936, 1458, 1417
192, 1926, 1924
1927, 68, 1925
1424, 1937, 1873
1897, 312, 1938
451, 312, 1897
1930, 1938, 312
93, 87, 86
312, 311, 1930
1932, 235, 1933
88, 82, 1928
226, 1928, 82
311, 383, 1930
399, 317, 1929
383, 399, 1930
85, 89, 90
280, 1939, 293
1933, 1929, 293
1939, 1931, 293
317, 293, 1929
1922, 43, 86
284, 11, 13
1931, 1940, 236
59, 230, 60
1778, 1458, 1936
230, 59, 231
40, 42, 129
1453, 1455, 1457
13, 297, 284
93, 86, 43
297, 246, 285
262, 347, 11
43, 1922, 42
1940, 1931, 1939
1939, 280, 1940
244, 1940, 280
40, 131, 52
32, 1938, 1930
231, 58, 1921
57, 1921, 58
256, 443, 1897
259, 32, 1929
1930, 1929, 32
190, 1923, 57
1933, 241, 1929
259, 1929, 241
244, 280, 285
242, 244, 285
1457, 570, 1663
82, 69, 1927
1938, 32, 34
68, 192, 1924
1897, 1938, 256
34, 256, 1938
236, 235, 1931
1932, 1931, 235
69, 68, 1927
241, 1933, 235
236, 1940, 237
1940, 244, 237
243, 237, 244
109, 1926, 110
225, 110, 1926
297, 13, 246
242, 285, 246
225, 1926, 192
1797, 1873, 762
1797, 762, 763
1935, 1934, 1794
1795, 1794, 1934
1793, 1792, 1869
1868, 1792, 1339
1793, 1869, 1794
1935, 1794, 1869
1424, 1313, 1428
1310, 1428, 1313
1310, 1795, 1428
1934, 1428, 1795
1873, 1313, 1424
1339, 1417, 1868
1339, 1874, 1417
1874, 1941, 1936
1936, 1941, 1778
1456, 1778, 1941
1936, 1417, 1874
1456, 1941, 570
693, 1580, 1874
1874, 570, 1941
570, 1874, 1580
1382, 1403, 1424
1878, 1879, 1942
1937, 1424, 1942
769, 1943, 767
1942, 1879, 1937
1429, 1796, 1942
1878, 1942, 1796
1943, 1937, 1879
1943, 1879, 767
1943, 762, 1937
769, 762, 1943
1873, 1937, 762
1429, 1942, 1424
734, 735, 772
1278, 1294, 771
762, 734, 772
762, 772, 722
