309
22.1, -15.47, -6.52
22.1, -15.47, -9.52
22.01, -15.6, -9.52
22.01, -15.6, -6.52
21.18, -16.02, -6.52
21.28, -15.97, -9.52
21.18, -16.02, -9.52
21.14, -15.41, -9.52
21.18, -15.77, -9.52
21.18, -15.77, -6.52
21.18, -15.76, -6.52
21.03, -14.97, -9.52
21.28, -15.97, -6.52
21.18, -15.77, -6.52
18.31, -12.4, -6.52
18.32, -12.4, -9.52
18.31, -12.4, -6.52
18.33, -12.42, -9.52
22.5, -18.14, -6.52
22.5, -18.15, -6.52
22.5, -18.15, -9.52
22.02, -18.54, -9.52
22.02, -18.54, -6.52
22.01, -18.53, -6.52
22.01, -18.53, -9.52
22.02, -18.52, -9.52
22.02, -18.52, -6.52
22.0, -18.54, -6.52
22.0, -18.54, -9.52
22.05, -18.5, -6.52
22.05, -18.5, -9.52
22.0, -18.52, -6.52
22.0, -18.52, -9.52
22.25, -18.44, -9.52
22.25, -18.44, -6.52
22.35, -18.25, -9.52
22.35, -18.25, -6.52
21.52, -18.14, -6.52
19.6, -15.65, -9.52
21.53, -18.15, -9.52
19.05, -14.95, -9.52
21.53, -18.15, -6.52
21.68, -18.25, -9.52
21.68, -18.25, -6.52
21.78, -18.44, -9.52
21.97, -18.5, -9.52
21.78, -18.44, -6.52
16.19, -11.31, -6.52
21.97, -18.5, -6.52
15.49, -10.46, -9.52
15.51, -10.5, -9.52
15.49, -10.46, -6.52
14.75, -9.61, -6.52
14.75, -9.61, -9.52
15.74, -10.86, -6.52
15.79, -10.92, -9.52
15.84, -10.96, -9.52
16.18, -11.3, -6.52
14.94, -8.45, -9.52
14.94, -8.45, -7.14
16.61, -5.47, -9.52
14.93, -8.45, -6.52
16.38, -9.42, -9.52
16.38, -9.42, -6.52
16.33, -9.72, -6.52
16.33, -9.72, -9.52
25.86, -5.8, -9.52
25.76, -5.66, -9.52
26.85, -4.66, -9.52
26.87, -4.67, -9.52
24.97, -8.58, -9.52
24.33, -8.28, -9.52
26.26, -6.65, -9.52
26.41, -6.55, -9.52
25.81, -6.1, -9.52
27.42, -5.47, -9.52
27.16, -5.02, -9.52
26.51, -6.65, -9.52
29.09, -8.45, -9.52
27.64, -8.58, -9.52
17.17, -4.66, -9.52
21.99, -4.64, -9.52
18.26, -5.66, -9.52
22.0, -4.64, -9.52
22.0, -4.64, -9.52
22.01, -4.64, -9.52
22.02, -4.64, -9.52
22.02, -4.64, -9.52
22.89, -5.66, -9.52
22.69, -5.8, -9.52
22.04, -4.64, -9.52
21.33, -5.8, -9.52
21.13, -5.66, -9.52
22.6, -6.05, -9.52
21.92, -6.66, -9.52
21.43, -6.05, -9.52
22.01, -6.56, -9.52
21.03, -6.78, -9.52
21.78, -6.86, -9.52
22.1, -6.66, -9.52
22.24, -6.86, -9.52
23.0, -6.78, -9.52
23.29, -8.48, -9.52
20.74, -8.48, -9.52
18.16, -5.8, -9.52
16.86, -5.02, -9.52
18.21, -6.1, -9.52
17.62, -6.55, -9.52
17.77, -6.65, -9.52
19.7, -8.28, -9.52
17.52, -6.65, -9.52
17.16, -4.67, -9.52
16.38, -8.58, -9.52
27.69, -9.72, -9.52
28.51, -10.5, -9.52
27.45, -10.07, -9.52
29.28, -9.61, -9.52
27.54, -8.68, -9.52
25.07, -8.68, -9.52
27.64, -9.42, -9.52
27.45, -10.22, -9.52
24.48, -9.47, -9.52
28.18, -10.96, -9.52
28.23, -10.92, -9.52
28.54, -10.46, -9.52
27.25, -10.27, -9.52
27.1, -10.41, -9.52
27.1, -10.61, -9.52
26.85, -10.86, -9.52
27.62, -11.58, -9.52
26.7, -11.16, -9.52
26.51, -11.31, -9.52
26.29, -11.66, -9.52
26.27, -11.69, -9.52
24.97, -14.95, -9.52
25.7, -12.42, -9.52
25.76, -12.25, -9.52
25.7, -12.4, -9.52
24.13, -8.43, -9.52
23.58, -9.42, -9.52
22.02, -9.47, -9.52
23.14, -8.73, -9.52
23.63, -9.7, -9.52
23.68, -9.52, -9.52
24.43, -9.52, -9.52
22.02, -9.47, -9.52
22.01, -9.47, -9.52
22.01, -8.75, -9.52
22.0, -9.47, -9.52
20.88, -8.73, -9.52
22.0, -9.47, -9.52
22.01, -4.64, -8.36
22.01, -4.64, -6.52
22.02, -4.64, -7.88
22.02, -4.64, -6.52
22.02, -4.64, -8.85
22.02, -4.64, -6.52
22.0, -4.64, -7.92
26.85, -4.66, -6.52
22.0, -4.64, -6.52
22.6, -6.05, -6.52
22.94, -6.7, -6.52
22.69, -5.8, -6.52
22.89, -5.66, -6.52
21.43, -6.05, -6.52
21.33, -5.8, -6.52
22.0, -4.64, -8.8
17.17, -4.66, -6.52
22.0, -4.64, -6.52
22.01, -6.57, -7.15
20.74, -8.48, -6.52
22.01, -6.56, -7.72
22.01, -6.59, -6.52
21.08, -6.7, -6.52
19.89, -8.43, -6.52
24.13, -8.43, -6.52
17.02, -4.76, -6.52
21.13, -5.66, -6.52
18.26, -5.66, -6.52
18.16, -5.8, -6.52
18.21, -6.1, -6.52
17.77, -6.65, -6.52
17.62, -6.55, -6.52
17.52, -6.65, -6.52
16.38, -8.58, -6.52
17.02, -4.76, -6.52
29.28, -9.61, -6.52
29.09, -8.45, -7.14
29.09, -8.45, -6.52
27.0, -4.76, -6.52
27.54, -8.68, -6.52
27.64, -8.58, -6.52
25.07, -8.68, -6.52
27.64, -9.42, -6.52
24.48, -9.47, -6.52
27.45, -10.07, -6.52
27.45, -10.22, -6.52
27.69, -9.72, -6.52
27.25, -10.27, -6.52
24.97, -8.58, -6.52
28.54, -10.46, -6.52
28.29, -10.86, -6.52
27.84, -11.3, -6.52
27.84, -11.31, -6.52
27.1, -10.41, -6.52
27.1, -10.61, -6.52
26.85, -10.86, -6.52
26.7, -11.16, -6.52
26.51, -11.31, -6.52
26.31, -11.65, -6.52
26.51, -11.31, -6.52
25.76, -12.25, -6.52
25.71, -12.4, -6.52
25.71, -12.4, -6.52
23.68, -9.52, -6.52
23.58, -9.42, -6.52
23.19, -11.25, -6.52
23.29, -8.48, -6.52
23.29, -8.48, -6.52
23.14, -8.73, -6.52
24.33, -8.28, -6.52
25.81, -6.1, -6.52
24.43, -9.52, -6.52
24.43, -9.53, -6.52
22.02, -9.47, -6.52
22.01, -9.47, -6.52
22.02, -9.47, -6.52
22.0, -9.47, -6.52
22.01, -8.75, -6.52
20.88, -8.73, -6.52
20.74, -8.48, -6.52
20.44, -9.42, -6.52
22.0, -9.47, -6.52
20.84, -11.26, -6.52
20.73, -10.8, -9.52
20.83, -11.25, -6.52
20.99, -11.86, -9.52
21.03, -12.0, -9.52
23.29, -10.8, -9.52
23.19, -11.26, -6.52
23.04, -11.86, -9.52
23.0, -12.0, -9.52
23.68, -12.38, -9.52
23.84, -11.74, -9.52
20.34, -9.52, -9.52
20.44, -9.42, -9.52
20.34, -9.52, -6.52
20.39, -9.7, -9.52
19.89, -8.43, -9.52
19.7, -8.28, -6.52
18.95, -8.68, -9.52
16.48, -8.68, -6.52
18.95, -8.68, -6.52
19.05, -8.58, -9.52
19.05, -8.58, -6.52
19.6, -9.53, -6.52
19.6, -9.52, -6.52
19.6, -9.52, -9.52
19.55, -9.47, -6.52
19.55, -9.47, -9.52
16.48, -8.68, -9.52
16.58, -10.07, -9.52
16.58, -10.07, -6.52
16.58, -10.22, -6.52
16.58, -10.22, -9.52
16.78, -10.27, -6.52
16.4, -11.58, -9.52
20.18, -11.74, -9.52
20.34, -12.38, -9.52
16.78, -10.27, -9.52
16.92, -10.41, -6.52
16.92, -10.41, -9.52
18.26, -12.25, -6.52
16.92, -10.61, -9.52
16.92, -10.61, -6.52
17.17, -10.86, -6.52
17.17, -10.86, -9.52
17.32, -11.16, -6.52
17.32, -11.16, -9.52
17.52, -11.31, -6.52
17.52, -11.31, -9.52
17.74, -11.66, -9.52
17.52, -11.31, -6.52
17.72, -11.65, -6.52
17.76, -11.69, -9.52
18.26, -12.25, -9.52
21.23, -12.65, -6.52
21.46, -13.57, -9.52
21.92, -15.47, -6.52
22.79, -12.65, -6.52
22.57, -13.57, -9.52
22.84, -15.76, -6.52
22.84, -16.02, -6.52
24.43, -15.65, -9.52
22.74, -15.97, -9.52
22.84, -16.02, -9.52
22.84, -15.77, -9.52
22.84, -15.77, -6.52
22.88, -15.41, -9.52
22.99, -14.97, -9.52
22.74, -15.97, -6.52
22.84, -15.77, -6.52
21.92, -15.47, -9.52
25.76, -5.66, -6.52
25.86, -5.8, -6.52
26.41, -6.55, -6.52
26.26, -6.65, -6.52
26.51, -6.65, -6.52
27.0, -4.76, -6.52
