4784
0, 1, 2
0, 2, 3
2, 4, 5
6, 2, 1
7, 1, 0
8, 9, 10
0, 10, 7
11, 12, 13
14, 11, 13
15, 16, 17
18, 17, 16
19, 11, 20
21, 15, 17
22, 23, 24
21, 25, 15
17, 26, 21
13, 12, 22
27, 13, 22
17, 18, 26
28, 29, 30
30, 31, 28
31, 30, 29
28, 32, 33
34, 35, 36
28, 33, 29
37, 35, 38
39, 40, 41
40, 39, 42
18, 43, 32
26, 18, 32
32, 44, 26
41, 45, 39
46, 38, 35
35, 47, 46
18, 16, 43
45, 41, 35
37, 45, 35
48, 49, 50
43, 16, 49
36, 35, 41
51, 52, 53
51, 53, 29
51, 29, 33
49, 48, 33
51, 33, 48
53, 54, 29
43, 49, 32
33, 32, 49
54, 55, 29
56, 57, 58
55, 54, 59
57, 60, 58
57, 61, 60
62, 63, 64
65, 63, 62
66, 67, 68
69, 70, 71
69, 71, 72
73, 68, 74
67, 74, 68
75, 72, 71
76, 77, 78
79, 80, 66
68, 79, 66
76, 78, 81
79, 68, 61
82, 80, 79
82, 83, 80
79, 84, 82
85, 86, 87
82, 88, 83
89, 66, 80
90, 91, 92
93, 94, 95
95, 91, 90
90, 93, 95
96, 97, 69
96, 69, 72
96, 72, 98
96, 99, 100
100, 101, 96
96, 98, 99
102, 93, 90
103, 102, 90
104, 90, 105
106, 78, 77
106, 107, 108
109, 78, 106
110, 87, 86
111, 112, 113
114, 115, 116
111, 117, 112
118, 119, 120
118, 120, 121
118, 121, 116
112, 122, 123
124, 122, 117
112, 117, 122
115, 119, 118
116, 115, 118
121, 124, 116
125, 126, 127
112, 128, 129
123, 128, 112
123, 120, 128
122, 130, 123
125, 131, 126
120, 123, 130
120, 130, 121
132, 125, 133
132, 133, 134
130, 122, 121
135, 134, 133
122, 124, 121
126, 131, 136
136, 127, 126
127, 137, 125
138, 139, 113
113, 139, 140
125, 135, 133
125, 137, 135
138, 113, 112
140, 111, 113
141, 142, 143
144, 145, 142
146, 147, 148
149, 146, 148
24, 150, 151
152, 153, 154
155, 156, 157
154, 153, 158
157, 154, 155
155, 154, 158
150, 159, 151
160, 88, 82
161, 151, 159
64, 162, 163
89, 164, 74
67, 89, 74
67, 66, 89
89, 80, 83
74, 164, 165
161, 22, 151
165, 73, 74
88, 89, 83
159, 150, 166
167, 84, 168
151, 22, 24
57, 168, 61
56, 169, 168
169, 170, 168
171, 168, 170
62, 64, 172
56, 168, 57
168, 79, 61
84, 79, 168
62, 173, 65
64, 174, 172
62, 172, 173
175, 176, 177
176, 178, 177
177, 179, 180
177, 163, 162
180, 179, 178
180, 181, 163
177, 180, 163
182, 163, 181
180, 178, 183
183, 181, 180
184, 58, 60
184, 60, 185
174, 64, 163
174, 163, 186
187, 188, 189
190, 162, 189
175, 177, 162
179, 177, 178
176, 183, 178
181, 183, 191
182, 186, 163
40, 42, 192
60, 61, 193
193, 185, 60
182, 194, 195
166, 150, 196
197, 166, 196
150, 198, 196
68, 193, 61
185, 193, 199
199, 200, 185
201, 202, 203
199, 193, 68
204, 202, 201
205, 196, 206
201, 207, 204
152, 208, 153
198, 209, 206
210, 148, 147
24, 211, 150
150, 211, 198
198, 206, 196
23, 211, 24
212, 152, 154
212, 213, 214
215, 212, 154
216, 217, 218
205, 219, 101
216, 210, 217
205, 206, 219
218, 220, 221
222, 223, 224
225, 226, 220
101, 219, 96
227, 228, 229
230, 208, 152
96, 219, 97
152, 212, 230
97, 231, 69
230, 212, 232
231, 233, 69
229, 234, 227
231, 97, 235
234, 236, 227
237, 238, 239
240, 241, 242
242, 241, 239
242, 239, 243
234, 244, 236
243, 239, 238
245, 238, 237
246, 247, 245
248, 246, 237
249, 238, 250
245, 237, 246
251, 252, 253
253, 249, 250
250, 238, 245
254, 255, 256
257, 236, 258
256, 252, 251
244, 258, 236
259, 260, 10
258, 244, 261
232, 258, 261
260, 259, 262
263, 260, 262
264, 265, 263
266, 265, 264
260, 263, 265
267, 262, 259
259, 268, 267
269, 267, 268
270, 210, 147
271, 272, 273
272, 274, 273
236, 257, 227
275, 276, 266
277, 278, 274
279, 280, 281
274, 282, 273
283, 284, 277
285, 286, 287
181, 191, 182
182, 191, 194
285, 227, 288
183, 176, 191
285, 287, 227
191, 289, 290
191, 176, 175
291, 270, 147
290, 292, 191
291, 293, 270
190, 191, 175
162, 190, 175
190, 189, 188
188, 289, 190
190, 289, 191
257, 288, 227
290, 289, 294
187, 295, 294
187, 294, 289
258, 296, 257
289, 188, 187
295, 297, 294
217, 210, 270
298, 299, 300
301, 298, 300
300, 302, 301
303, 301, 302
304, 303, 305
306, 307, 305
104, 103, 90
308, 309, 310
298, 301, 311
298, 311, 312
311, 301, 303
309, 308, 313
311, 314, 312
141, 143, 136
315, 316, 317
315, 318, 316
319, 320, 321
322, 320, 319
319, 323, 322
321, 320, 324
320, 322, 324
325, 323, 326
327, 328, 329
322, 323, 325
127, 328, 327
321, 324, 330
327, 329, 135
321, 331, 319
330, 332, 331
321, 330, 331
314, 331, 312
312, 332, 298
298, 332, 299
332, 312, 331
333, 334, 335
134, 135, 329
329, 336, 134
137, 327, 135
143, 142, 328
328, 142, 145
337, 338, 339
137, 127, 327
340, 341, 339
136, 328, 127
342, 134, 336
143, 328, 136
343, 344, 345
346, 347, 344
145, 348, 328
346, 349, 347
350, 329, 328
344, 351, 345
349, 352, 347
353, 329, 350
354, 347, 355
356, 355, 352
350, 328, 348
352, 355, 347
344, 357, 358
359, 345, 360
349, 356, 352
361, 362, 269
267, 269, 362
348, 363, 350
353, 350, 363
360, 345, 351
360, 351, 264
364, 342, 336
358, 264, 351
344, 358, 351
336, 329, 364
263, 360, 264
267, 362, 359
359, 262, 267
360, 263, 359
359, 263, 262
357, 266, 358
264, 358, 266
356, 349, 139
365, 366, 313
367, 139, 138
112, 367, 138
368, 93, 313
139, 367, 129
102, 313, 93
129, 369, 139
103, 313, 102
366, 368, 313
129, 370, 369
356, 369, 355
356, 139, 369
370, 272, 271
370, 271, 355
271, 273, 355
128, 371, 129
355, 369, 370
372, 354, 355
357, 347, 354
112, 129, 367
372, 355, 273
280, 372, 273
354, 275, 357
372, 280, 354
309, 373, 310
374, 375, 373
373, 375, 310
354, 280, 275
357, 275, 266
374, 373, 376
344, 347, 357
377, 274, 272
272, 370, 377
378, 277, 274
378, 274, 377
378, 283, 277
378, 371, 283
379, 376, 380
378, 129, 371
370, 129, 377
377, 129, 378
381, 40, 382
199, 383, 200
384, 200, 383
200, 40, 192
382, 40, 200
385, 200, 192
385, 185, 200
386, 383, 73
387, 388, 389
73, 165, 386
383, 68, 73
383, 199, 68
207, 390, 391
392, 388, 393
394, 395, 276
265, 276, 395
3, 5, 10
395, 10, 265
265, 266, 276
280, 276, 275
281, 394, 279
276, 279, 394
396, 397, 281
394, 281, 397
382, 398, 381
97, 399, 235
381, 400, 401
233, 231, 402
233, 70, 69
235, 402, 231
235, 403, 402
398, 200, 384
404, 386, 405
233, 402, 406
404, 383, 386
233, 406, 407
408, 409, 410
200, 398, 382
408, 410, 411
412, 413, 398
412, 398, 384
209, 414, 206
404, 412, 384
414, 209, 415
383, 404, 384
390, 201, 203
207, 201, 390
402, 403, 416
417, 390, 203
207, 391, 418
414, 415, 419
419, 415, 420
414, 419, 421
422, 235, 399
422, 403, 235
280, 279, 276
273, 281, 280
396, 10, 397
397, 10, 395
395, 394, 397
282, 10, 396
278, 10, 282
281, 273, 396
423, 10, 424
425, 426, 427
428, 425, 427
429, 427, 426
430, 427, 429
431, 432, 433
434, 427, 430
435, 436, 437
438, 437, 439
439, 437, 436
440, 284, 436
441, 440, 442
441, 284, 440
424, 284, 441
283, 439, 284
284, 278, 277
442, 440, 436
439, 436, 284
443, 10, 444
444, 423, 445
436, 446, 445
423, 441, 445
442, 445, 441
441, 423, 424
442, 436, 445
445, 446, 444
447, 448, 444
443, 444, 448
428, 427, 448
284, 10, 278
424, 10, 284
444, 10, 423
282, 396, 273
278, 282, 274
449, 10, 433
380, 450, 451
450, 380, 376
446, 447, 444
443, 448, 427
452, 433, 434
453, 454, 6
4, 6, 454
269, 268, 453
2, 6, 4
450, 376, 373
4, 454, 5
260, 265, 10
5, 268, 10
268, 259, 10
455, 456, 10
457, 458, 459
454, 453, 5
5, 453, 268
3, 2, 5
0, 3, 10
9, 7, 10
427, 433, 10
460, 455, 10
449, 433, 432
432, 461, 449
462, 463, 464
461, 465, 449
466, 461, 432
464, 449, 465
467, 462, 465
464, 465, 462
464, 463, 468
103, 469, 313
470, 464, 471
471, 472, 470
313, 473, 309
474, 475, 249
475, 476, 249
249, 476, 238
249, 477, 474
472, 474, 477
478, 479, 480
481, 470, 472
459, 458, 482
483, 471, 464
464, 10, 449
484, 485, 477
427, 434, 433
452, 486, 433
486, 431, 433
468, 487, 464
487, 488, 464
489, 286, 285
477, 481, 472
480, 490, 477
490, 484, 477
485, 10, 477
481, 477, 10
488, 483, 464
249, 478, 477
480, 477, 478
443, 427, 10
470, 481, 10
491, 492, 493
494, 256, 495
252, 256, 494
489, 496, 493
489, 497, 496
249, 253, 252
498, 499, 285
500, 501, 490
255, 495, 256
489, 285, 499
479, 500, 480
490, 480, 500
489, 499, 497
464, 470, 10
493, 502, 489
501, 503, 490
484, 490, 503
484, 504, 485
505, 506, 507
506, 484, 507
503, 507, 484
508, 509, 485
509, 510, 485
484, 506, 504
504, 508, 485
511, 485, 510
511, 512, 485
485, 512, 10
10, 512, 513
286, 514, 287
515, 287, 516
517, 518, 519
520, 517, 521
519, 521, 517
228, 227, 287
515, 228, 287
522, 523, 524
524, 525, 522
525, 526, 522
513, 527, 10
521, 10, 527
527, 520, 521
524, 528, 519
524, 519, 529
530, 531, 502
525, 524, 532
529, 533, 524
518, 529, 519
532, 534, 525
533, 532, 524
287, 535, 516
536, 537, 538
539, 540, 538
537, 539, 538
541, 536, 538
542, 543, 544
538, 544, 545
544, 546, 545
546, 522, 545
526, 545, 522
547, 309, 473
526, 525, 541
548, 549, 538
540, 548, 538
473, 313, 469
550, 541, 525
534, 550, 525
545, 526, 541
538, 545, 541
546, 544, 551
544, 538, 542
543, 551, 544
522, 546, 552
552, 553, 522
554, 552, 555
555, 552, 546
551, 555, 546
556, 557, 558
558, 559, 560
560, 559, 561
561, 559, 562
562, 563, 564
564, 565, 554
559, 558, 557
334, 566, 567
334, 567, 335
568, 315, 317
569, 568, 317
317, 570, 569
571, 572, 333
335, 571, 333
573, 574, 570
575, 337, 576
316, 577, 573
316, 573, 317
578, 579, 580
578, 581, 579
582, 333, 572
576, 337, 577
582, 572, 583
319, 584, 585
585, 323, 319
319, 331, 584
586, 587, 588
589, 363, 590
590, 363, 348
334, 333, 591
592, 593, 580
353, 589, 594
595, 594, 589
583, 593, 592
589, 353, 363
596, 583, 592
582, 591, 333
583, 596, 582
582, 596, 591
579, 592, 580
364, 329, 597
353, 594, 597
329, 353, 597
598, 599, 600
601, 600, 599
601, 342, 600
403, 422, 421
342, 588, 600
421, 422, 399
602, 529, 518
603, 529, 602
604, 605, 602
399, 414, 421
606, 607, 608
609, 606, 603
414, 399, 97
610, 598, 600
598, 605, 604
598, 609, 605
610, 609, 598
603, 533, 529
602, 605, 603
414, 97, 219
533, 603, 608
532, 533, 608
206, 414, 219
608, 611, 532
611, 587, 612
612, 534, 532
608, 607, 611
611, 612, 532
408, 411, 613
609, 603, 605
586, 614, 587
608, 603, 606
610, 588, 587
207, 418, 204
391, 615, 418
616, 418, 615
617, 618, 409
619, 617, 409
418, 616, 620
617, 621, 618
409, 408, 619
408, 622, 619
623, 381, 401
401, 624, 623
623, 41, 40
623, 40, 381
625, 623, 624
626, 613, 411
36, 41, 623
627, 628, 411
624, 629, 625
411, 410, 627
625, 629, 630
34, 36, 623
34, 623, 630
625, 630, 623
631, 632, 633
634, 633, 635
636, 634, 635
636, 637, 634
633, 634, 631
629, 638, 639
631, 640, 641
629, 639, 630
639, 638, 642
624, 638, 629
643, 644, 637
35, 34, 645
646, 645, 34
644, 634, 637
647, 535, 514
514, 535, 287
648, 469, 103
104, 648, 103
309, 649, 373
502, 514, 489
489, 514, 286
147, 146, 650
651, 648, 104
650, 291, 147
291, 652, 653
291, 650, 652
654, 380, 451
655, 656, 530
531, 530, 657
658, 657, 530
530, 659, 658
656, 659, 530
653, 652, 660
661, 653, 660
654, 451, 662
663, 656, 655
664, 654, 665
530, 502, 655
531, 647, 502
502, 493, 655
450, 373, 666
666, 451, 450
667, 668, 663
655, 668, 667
655, 667, 663
514, 502, 647
666, 649, 669
373, 649, 666
670, 671, 672
670, 661, 673
672, 674, 293
672, 661, 670
653, 661, 672
653, 672, 293
293, 291, 653
649, 309, 547
675, 649, 547
676, 659, 677
659, 656, 677
678, 676, 677
677, 679, 678
547, 473, 680
681, 682, 679
679, 682, 678
683, 684, 458
663, 677, 656
663, 679, 677
685, 686, 648
469, 687, 686
469, 648, 687
688, 680, 689
690, 691, 692
692, 679, 690
547, 680, 688
547, 688, 693
693, 675, 547
451, 666, 694
691, 695, 696
697, 675, 693
663, 690, 679
288, 698, 285
257, 698, 288
296, 698, 257
680, 473, 689
285, 698, 498
689, 473, 469
698, 699, 498
675, 697, 649
669, 649, 697
296, 700, 698
701, 702, 217
701, 217, 270
128, 120, 703
704, 705, 703
706, 707, 708
704, 703, 120
709, 128, 703
706, 708, 591
591, 596, 706
710, 711, 115
712, 713, 714
715, 712, 714
119, 115, 711
119, 711, 716
716, 704, 120
717, 718, 714
119, 716, 120
714, 718, 715
719, 716, 711
720, 713, 712
719, 704, 716
717, 714, 306
306, 305, 717
719, 721, 722
710, 110, 719
719, 711, 710
723, 724, 725
726, 723, 725
727, 304, 307
724, 721, 719
314, 311, 727
727, 311, 303
724, 719, 86
727, 303, 304
728, 425, 729
425, 730, 729
425, 428, 730
715, 731, 720
721, 724, 729
730, 721, 729
704, 722, 705
721, 732, 722
715, 720, 712
730, 733, 721
705, 722, 732
731, 715, 718
732, 721, 733
719, 722, 704
733, 447, 732
733, 730, 448
428, 448, 730
733, 448, 447
725, 724, 86
387, 734, 735
736, 300, 737
388, 387, 735
302, 300, 738
739, 388, 735
740, 741, 734
741, 742, 734
299, 737, 300
305, 303, 302
726, 725, 392
743, 731, 718
718, 717, 743
744, 726, 392
745, 743, 717
392, 393, 744
393, 388, 739
728, 729, 724
746, 747, 748
748, 747, 749
728, 724, 750
726, 750, 724
726, 724, 723
738, 300, 736
749, 738, 736
426, 728, 750
728, 426, 425
749, 736, 751
749, 751, 748
752, 302, 738
726, 744, 750
753, 750, 744
738, 754, 752
753, 429, 750
429, 426, 750
302, 752, 305
739, 744, 393
755, 714, 713
756, 744, 757
739, 758, 744
430, 757, 434
753, 744, 756
430, 756, 757
757, 452, 434
759, 760, 431
761, 762, 755
763, 764, 765
588, 766, 586
563, 562, 559
767, 563, 559
588, 610, 600
610, 607, 606
610, 587, 607
768, 557, 556
768, 769, 557
770, 557, 769
771, 557, 770
610, 606, 609
772, 773, 763
773, 774, 763
767, 775, 764
765, 764, 775
342, 776, 588
777, 8, 10
777, 10, 456
776, 342, 364
460, 10, 778
779, 10, 780
595, 589, 590
779, 778, 10
780, 10, 781
781, 10, 222
588, 776, 782
607, 587, 611
614, 612, 587
612, 614, 550
612, 550, 534
783, 784, 10
784, 222, 10
785, 786, 787
788, 10, 789
783, 10, 788
790, 537, 536
790, 536, 791
792, 793, 10
786, 789, 787
794, 793, 785
787, 794, 785
794, 787, 10
787, 789, 10
539, 537, 795
537, 790, 795
796, 785, 792
793, 792, 785
792, 10, 797
793, 794, 10
798, 799, 10
800, 550, 614
541, 550, 800
792, 797, 796
791, 536, 541
791, 541, 800
791, 800, 586
790, 791, 586
614, 586, 800
790, 801, 795
796, 797, 802
803, 802, 797
804, 795, 801
805, 806, 799
807, 799, 806
803, 797, 806
808, 805, 799
809, 810, 804
811, 795, 804
586, 801, 790
812, 10, 813
588, 782, 766
814, 815, 521
816, 782, 776
797, 10, 807
807, 10, 799
776, 364, 597
776, 597, 594
798, 817, 799
817, 818, 799
819, 820, 799
594, 816, 776
594, 595, 816
798, 10, 812
595, 809, 816
813, 821, 812
821, 822, 812
822, 823, 812
822, 821, 824
821, 813, 824
801, 766, 804
766, 801, 586
825, 804, 766
822, 824, 823
782, 825, 766
804, 825, 809
782, 809, 825
823, 826, 812
824, 827, 826
823, 824, 826
782, 816, 809
828, 829, 812
809, 595, 590
826, 827, 812
827, 828, 812
829, 817, 798
818, 819, 799
820, 808, 799
830, 831, 832
830, 820, 819
539, 795, 811
811, 804, 810
539, 811, 540
832, 831, 833
830, 832, 820
540, 810, 548
834, 833, 831
797, 807, 806
811, 810, 540
798, 812, 829
809, 548, 810
521, 813, 10
835, 836, 813
570, 317, 573
824, 813, 836
569, 570, 837
835, 838, 836
839, 836, 838
840, 337, 575
577, 337, 573
145, 144, 841
839, 842, 843
838, 844, 839
844, 842, 839
835, 521, 842
813, 521, 835
835, 842, 844
835, 844, 838
843, 842, 521
845, 843, 521
815, 846, 521
846, 847, 845
847, 848, 843
34, 630, 646
847, 849, 848
849, 850, 848
851, 852, 850
848, 850, 852
47, 35, 645
846, 845, 521
853, 47, 645
849, 847, 815
846, 815, 847
843, 845, 847
850, 849, 815
851, 850, 815
630, 639, 646
839, 843, 848
854, 855, 524
519, 528, 521
856, 521, 857
858, 521, 856
857, 859, 856
860, 861, 856
862, 524, 863
864, 865, 863
866, 867, 863
868, 528, 869
528, 524, 869
857, 521, 528
857, 528, 870
859, 857, 870
870, 868, 859
528, 868, 870
871, 859, 868
642, 638, 872
871, 856, 859
871, 873, 856
869, 524, 862
874, 642, 872
868, 869, 875
865, 875, 869
869, 862, 865
862, 863, 865
876, 874, 872
863, 524, 877
523, 854, 524
855, 877, 524
549, 878, 538
878, 542, 538
855, 854, 879
880, 879, 854
854, 523, 881
882, 644, 643
874, 883, 642
639, 883, 646
639, 642, 883
641, 640, 884
885, 886, 884
884, 640, 885
645, 646, 883
887, 888, 889
885, 640, 890
890, 886, 885
886, 890, 891
889, 892, 887
889, 893, 892
890, 894, 891
891, 895, 884
884, 886, 891
82, 896, 160
896, 82, 84
897, 898, 899
88, 160, 900
899, 898, 901
896, 900, 160
901, 902, 899
903, 902, 904
900, 905, 906
903, 899, 902
896, 84, 167
897, 899, 882
907, 896, 167
882, 643, 897
640, 631, 908
896, 905, 900
640, 908, 890
909, 910, 906
909, 906, 911
912, 634, 644
913, 701, 674
914, 674, 671
270, 293, 701
701, 293, 674
915, 895, 891
916, 915, 891
493, 492, 668
916, 891, 894
915, 917, 895
908, 894, 890
498, 699, 499
644, 918, 912
631, 634, 912
631, 912, 908
919, 920, 497
497, 499, 699
920, 496, 497
171, 917, 921
217, 702, 218
702, 220, 218
644, 882, 918
882, 899, 922
913, 702, 701
922, 918, 882
922, 923, 918
918, 923, 924
894, 925, 916
908, 925, 894
493, 926, 927
665, 928, 929
665, 654, 930
654, 662, 930
930, 928, 665
451, 930, 662
451, 694, 931
928, 930, 932
496, 926, 493
933, 934, 935
932, 936, 928
933, 937, 934
933, 938, 937
939, 940, 457
491, 933, 492
458, 457, 940
933, 935, 492
493, 933, 491
666, 669, 694
933, 493, 941
493, 927, 941
669, 697, 694
693, 694, 697
655, 493, 668
668, 934, 942
694, 693, 688
935, 934, 668
668, 492, 935
683, 458, 940
913, 914, 943
688, 689, 944
913, 674, 914
671, 945, 914
946, 945, 671
694, 947, 931
946, 671, 670
686, 687, 648
674, 672, 671
948, 946, 670
685, 949, 686
942, 663, 668
685, 648, 651
942, 950, 690
690, 663, 942
651, 601, 685
601, 599, 685
686, 689, 469
951, 952, 953
686, 949, 689
949, 944, 689
688, 944, 954
685, 599, 949
955, 956, 957
958, 959, 960
959, 958, 961
959, 961, 962
957, 963, 955
964, 965, 966
955, 967, 956
966, 968, 964
969, 964, 968
970, 964, 969
971, 970, 969
957, 956, 972
957, 972, 973
974, 975, 964
970, 974, 964
479, 478, 966
976, 977, 978
979, 479, 966
252, 968, 249
971, 969, 968
478, 968, 966
968, 478, 249
960, 959, 962
965, 975, 962
975, 960, 962
760, 432, 431
758, 739, 759
486, 758, 759
486, 759, 431
757, 744, 758
757, 758, 452
758, 486, 452
756, 429, 753
430, 429, 756
962, 961, 980
338, 107, 106
975, 981, 960
982, 983, 984
984, 983, 713
985, 983, 986
987, 985, 986
986, 983, 982
755, 713, 983
900, 906, 910
906, 905, 911
985, 988, 989
983, 985, 989
990, 989, 988
988, 985, 987
911, 991, 909
988, 986, 982
992, 993, 911
910, 909, 991
993, 991, 911
994, 990, 995
996, 896, 907
905, 896, 996
996, 997, 911
987, 986, 988
988, 998, 990
905, 996, 911
988, 982, 999
982, 984, 999
907, 1000, 1001
907, 1001, 996
1002, 854, 881
880, 854, 1002
1003, 1004, 1005
1006, 863, 1007
1008, 1009, 877
1004, 1003, 1001
1006, 1008, 1010
1011, 1012, 1013
1013, 1014, 1011
1007, 1015, 1008
1011, 1010, 1008
1007, 1008, 1006
1008, 877, 1011
911, 1016, 1017
911, 997, 1016
1009, 1008, 1015
1018, 1013, 1012
1016, 1019, 1017
997, 996, 1016
1012, 1011, 877
1007, 863, 1015
992, 911, 1017
1006, 1010, 863
1010, 1014, 863
1020, 1013, 1021
1018, 1021, 1013
863, 877, 1009
1015, 863, 1009
1021, 1018, 877
1018, 1012, 877
877, 855, 1021
1020, 1021, 855
1022, 1020, 855
1010, 1011, 1014
866, 863, 1023
1014, 1023, 863
864, 863, 867
879, 1022, 855
910, 991, 1024
1025, 554, 1026
1025, 552, 554
1026, 554, 565
523, 522, 1027
1028, 565, 564
1029, 565, 1028
1027, 522, 553
881, 523, 1027
563, 1028, 564
1001, 1016, 996
764, 763, 774
563, 767, 764
1030, 339, 338
814, 521, 858
1031, 1032, 858
852, 1033, 1034
1035, 1034, 1031
1032, 1031, 1034
1036, 861, 1037
1038, 1035, 1036
1031, 858, 1035
1036, 1035, 858
861, 860, 1037
858, 856, 1036
110, 710, 115
1032, 1034, 1033
1033, 852, 851
815, 1033, 851
114, 110, 115
815, 814, 1033
814, 858, 1033
1032, 1033, 858
861, 1036, 856
1039, 110, 114
860, 873, 1037
868, 873, 871
868, 1037, 873
719, 110, 86
860, 856, 873
709, 1040, 128
1040, 1041, 128
1040, 709, 437
1042, 1043, 1044
709, 703, 437
437, 703, 435
1042, 1045, 1046
371, 128, 1041
437, 438, 1040
371, 1047, 439
1048, 1044, 1043
1041, 438, 1047
439, 1047, 438
1049, 1050, 1051
1040, 438, 1041
1052, 1053, 1054
1055, 436, 703
1047, 371, 1041
1056, 1051, 1050
1049, 1057, 1050
1053, 1050, 1054
1057, 1054, 1050
1050, 1046, 1056
1045, 1056, 1046
643, 637, 1058
39, 45, 417
37, 417, 45
46, 417, 38
978, 1059, 1060
56, 1061, 169
169, 1061, 170
978, 1060, 976
58, 184, 56
192, 42, 203
203, 202, 385
1062, 184, 202
204, 1062, 202
185, 385, 202
192, 203, 385
417, 203, 42
185, 202, 184
633, 632, 635
1063, 957, 973
636, 635, 637
635, 632, 637
632, 1058, 637
643, 1058, 1061
897, 1061, 898
1063, 963, 957
1064, 1063, 973
904, 902, 1065
643, 1061, 897
56, 184, 1062
1061, 56, 1062
1058, 170, 1061
1061, 1066, 898
1066, 1067, 898
1068, 1048, 1043
1046, 1043, 1042
999, 720, 731
999, 984, 713
713, 720, 999
976, 1069, 1070
1071, 1072, 988
998, 988, 1072
1070, 1064, 976
1073, 976, 1060
1064, 973, 976
752, 745, 305
1059, 1074, 1075
305, 745, 717
1076, 314, 727
1077, 1074, 1059
1075, 1078, 1073
752, 754, 1079
1075, 1080, 1078
1060, 1075, 1073
1076, 1081, 314
1075, 1060, 1059
314, 1081, 331
1082, 1071, 988
1082, 1083, 1071
999, 1082, 988
348, 1084, 590
549, 590, 1084
841, 1084, 145
809, 549, 548
549, 809, 590
1084, 348, 145
1084, 542, 878
999, 1083, 1082
1084, 841, 542
963, 1085, 1086
963, 1087, 1085
1086, 1088, 955
1089, 994, 995
542, 841, 1086
998, 1072, 1090
963, 1086, 955
1063, 1087, 963
1063, 1064, 1087
1091, 1064, 1070
979, 966, 965
1092, 979, 965
962, 980, 1093
42, 39, 417
979, 1092, 500
1094, 501, 500
1095, 1096, 417
1096, 1068, 417
1043, 417, 1068
1095, 417, 46
37, 38, 417
1092, 1094, 500
901, 1067, 1097
283, 371, 439
979, 500, 479
435, 703, 436
1098, 1094, 1093
965, 1099, 1092
436, 1055, 705
436, 705, 446
1055, 703, 705
447, 446, 732
705, 732, 446
975, 965, 964
1099, 965, 962
962, 1093, 1099
1043, 1046, 1100
1101, 688, 1102
1101, 694, 688
1095, 1103, 1096
688, 954, 1102
1101, 947, 694
417, 1104, 390
1104, 887, 390
928, 936, 1105
47, 1103, 46
1103, 1095, 46
47, 853, 1103
1106, 931, 947
1106, 932, 930
451, 1106, 930
931, 1106, 451
888, 887, 1104
1094, 1098, 501
961, 928, 980
1107, 1108, 1109
928, 1105, 980
901, 1065, 902
1110, 1097, 1067
901, 1097, 1065
1111, 904, 1065
1112, 1113, 1114
1115, 1114, 1113
1116, 1117, 1118
1119, 1120, 1117
1121, 1120, 1119
1118, 1117, 1120
1122, 1120, 1121
1123, 1124, 1106
947, 1123, 1106
1106, 1125, 932
1093, 980, 1105
1105, 1126, 1093
1127, 1098, 1126
1126, 936, 1127
1093, 1126, 1098
1128, 1090, 1072
505, 1127, 1129
1129, 506, 505
1130, 1131, 1132
1099, 1093, 1094
1094, 1092, 1099
1098, 1127, 1133
1071, 1132, 1072
505, 1133, 1127
1072, 1132, 1128
505, 507, 1133
503, 1133, 507
1128, 1132, 995
995, 990, 998
995, 1090, 1128
998, 1090, 995
1098, 1133, 503
501, 1098, 503
1106, 1124, 1125
508, 504, 1134
1132, 1089, 995
1135, 508, 1134
509, 508, 1135
1132, 1136, 1089
1089, 1136, 1137
1138, 1139, 1134
1129, 1138, 506
504, 506, 1138
1132, 1071, 1130
1134, 504, 1138
1138, 1129, 936
1129, 1127, 936
1126, 1105, 936
1140, 936, 932
932, 1125, 1140
1139, 1138, 936
1140, 1139, 936
1139, 1140, 1125
1141, 1135, 1139
1142, 1143, 1141
1124, 1142, 1141
1124, 1123, 1142
1124, 1141, 1139
1124, 1139, 1125
1144, 511, 510
1144, 510, 1145
510, 509, 1145
509, 1135, 1145
1003, 1019, 1016
1146, 1019, 1147
1016, 1001, 1003
1148, 1149, 1120
1120, 1122, 1067
1122, 1150, 1067
1150, 1110, 1067
901, 898, 1067
993, 992, 1151
1113, 1120, 1115
1118, 1120, 1113
1152, 1153, 1120
1153, 1115, 1120
1154, 910, 1155
1149, 1148, 1156
1157, 1158, 1148
910, 1024, 1155
1159, 1120, 1149
1152, 1120, 1160
1160, 1120, 1159
1161, 1148, 1158
1154, 1155, 1162
1156, 1148, 1161
1163, 1157, 1164
1165, 1163, 1164
1164, 1157, 1148
88, 910, 1154
1166, 1167, 1164
1168, 1164, 1167
1165, 1164, 1168
1169, 1164, 1170
1171, 1166, 1169
1172, 1170, 1164
1164, 1173, 1172
1164, 1169, 1166
95, 1173, 91
89, 1162, 1174
1154, 1162, 89
92, 91, 1173
94, 1172, 1173
95, 94, 1173
92, 1173, 1175
1173, 1176, 1175
1177, 1178, 1176
1179, 1175, 1176
1180, 1178, 1177
1178, 1179, 1176
1181, 1182, 1183
1184, 1181, 1183
1185, 1053, 1186
1187, 1188, 1189
1190, 1191, 1192
1189, 1185, 1193
1193, 1187, 1189
1154, 89, 88
900, 910, 88
1194, 164, 89
1181, 1186, 1053
1052, 1181, 1053
1174, 1194, 89
1193, 1185, 1186
1182, 1181, 1052
1174, 1195, 1194
1196, 1197, 1198
1197, 1189, 1198
1190, 1199, 1191
1200, 1192, 1191
1201, 1192, 1200
1202, 1198, 1189
1189, 1188, 1192
1192, 1201, 1189
156, 155, 149
1201, 1202, 1189
1196, 1203, 1197
149, 1197, 1203
1203, 1204, 149
208, 149, 153
158, 153, 149
1205, 1206, 1207
1205, 1207, 1194
1195, 1205, 1194
1208, 11, 19
1208, 19, 1209
388, 1210, 908
1211, 1212, 1213
908, 1210, 925
1024, 991, 993
1214, 1215, 1216
1217, 916, 925
1218, 1215, 1219
1220, 1218, 1219
1215, 1214, 1219
1221, 1220, 1219
1219, 1214, 1162
912, 918, 1222
1024, 1219, 1162
1214, 1211, 1223
1222, 918, 924
1214, 1223, 1213
1066, 1061, 1224
1066, 1224, 1067
204, 418, 1062
1214, 1225, 1162
616, 615, 1226
1155, 1024, 1162
1070, 1227, 1091
1070, 1228, 1227
1104, 1229, 888
1230, 1231, 337
1064, 1091, 1087
341, 1230, 339
1232, 1228, 1070
1231, 1230, 1233
337, 339, 1230
1230, 341, 1233
453, 6, 1234
1069, 1232, 1070
1085, 1087, 1091
1228, 1232, 1227
1234, 1235, 361
1236, 1234, 6
453, 1234, 269
361, 269, 1234
1237, 573, 337
107, 338, 337
1122, 1121, 1238
1069, 1078, 1239
1078, 1080, 1239
1240, 1241, 1080
1241, 1239, 1080
976, 1073, 1069
1122, 1238, 1150
1239, 1242, 1232
1238, 1243, 1150
1232, 1069, 1239
1150, 1243, 1110
1110, 1243, 1097
1243, 1244, 1097
1245, 1065, 1097
1080, 1075, 1246
1245, 1111, 1065
1080, 1246, 1247
1073, 1078, 1069
903, 904, 1111
1248, 903, 1111
1246, 1075, 1074
1249, 903, 1248
903, 1250, 899
1251, 1112, 1114
1141, 1143, 1144
1135, 1141, 1145
1134, 1139, 1135
1252, 1144, 1143
1145, 1141, 1144
1071, 1253, 1130
1254, 1253, 1071
1071, 1083, 1254
1255, 1142, 1256
1101, 1255, 1256
1256, 947, 1101
1123, 947, 1256
743, 1083, 999
743, 999, 731
1123, 1256, 1142
1257, 527, 1258
1259, 1260, 1258
1252, 1260, 1259
1252, 1259, 512
513, 1258, 527
1259, 1258, 513
1259, 513, 512
743, 745, 1261
1144, 1252, 512
1144, 512, 511
1255, 1101, 1102
1262, 1263, 1264
1255, 954, 944
1102, 954, 1255
1253, 1254, 1130
1265, 1266, 1254
1131, 1130, 1254
1267, 1131, 1254
1254, 1262, 1267
1264, 1267, 1262
1255, 1268, 1269
1255, 1270, 1271
1272, 1083, 1273
1083, 1265, 1254
1268, 1255, 1271
1272, 1265, 1083
944, 1270, 1255
1132, 1131, 1267
1274, 1132, 1267
527, 1257, 520
1257, 1275, 520
602, 517, 1275
602, 518, 517
1276, 1273, 1083
520, 1275, 517
1277, 1278, 591
1271, 1257, 1268
1268, 1258, 1269
1143, 1260, 1252
1269, 1258, 1260
1257, 1258, 1268
1278, 1279, 1280
1281, 1278, 1277
1257, 1271, 1275
1143, 1142, 1255
1278, 747, 1279
1282, 747, 1278
1278, 1281, 1282
746, 1279, 747
1255, 1260, 1143
1255, 1269, 1260
747, 1282, 749
949, 599, 598
334, 1278, 566
1270, 1275, 1271
334, 591, 1278
566, 1278, 1280
1270, 944, 604
604, 1275, 1270
598, 604, 949
949, 604, 944
602, 1275, 604
691, 690, 695
1283, 1284, 1285
695, 1286, 696
695, 1287, 1288
690, 950, 695
1285, 1284, 1289
695, 950, 1287
1177, 1176, 1285
1176, 1173, 1285
1285, 1289, 1290
1291, 1292, 1293
1289, 1293, 1292
1292, 1290, 1289
950, 942, 1287
1086, 543, 542
555, 1086, 1085
1086, 555, 551
1086, 551, 543
1085, 554, 555
554, 1085, 564
549, 1084, 878
1227, 1294, 1295
1296, 1297, 1298
953, 174, 1299
1300, 1301, 1286
1232, 1302, 1227
1294, 1227, 1302
1288, 1286, 695
1288, 1300, 1286
1286, 1303, 952
1303, 174, 953
1298, 1304, 1296
1303, 953, 952
1294, 1305, 560
561, 562, 1294
561, 1294, 560
927, 926, 1306
1306, 926, 496
1302, 1305, 1294
1295, 1091, 1227
1295, 1085, 1091
920, 1306, 496
1242, 1297, 1302
1297, 1242, 1298
1242, 1304, 1298
919, 699, 1307
1308, 1296, 1304
920, 919, 1306
497, 699, 919
1295, 1294, 562
564, 1085, 1295
1307, 1309, 919
556, 1310, 1311
1312, 942, 934
1310, 556, 558
220, 702, 225
913, 225, 702
225, 913, 943
784, 1313, 223
784, 223, 222
784, 783, 1314
784, 1314, 1313
783, 1315, 1314
1305, 558, 560
1316, 1317, 1313
1296, 1308, 1305
1308, 558, 1305
1308, 1310, 558
1306, 1318, 927
1319, 1320, 1318
927, 1320, 1321
1297, 1296, 1305
1305, 1302, 1297
1314, 1315, 1321
1321, 1320, 1314
1322, 1321, 1315
1295, 562, 564
1322, 927, 1321
1322, 941, 927
1318, 1320, 927
941, 1322, 1315
1313, 1314, 1320
1323, 1318, 1306
1302, 1232, 1242
1241, 1242, 1239
941, 938, 933
941, 1324, 938
1214, 1213, 1225
156, 149, 1204
230, 146, 208
1325, 1205, 1195
149, 208, 146
244, 650, 261
232, 146, 230
155, 158, 149
1195, 1174, 1225
228, 650, 229
146, 261, 650
1225, 1174, 1162
229, 650, 234
234, 650, 244
261, 146, 232
535, 647, 650
1004, 1001, 1000
1005, 1326, 1003
516, 535, 650
652, 650, 647
1004, 1000, 167
515, 516, 650
228, 515, 650
907, 167, 1000
647, 531, 652
1005, 1004, 167
168, 1005, 167
660, 652, 531
531, 657, 660
678, 660, 676
682, 660, 678
1327, 1328, 615
1329, 1330, 1331
657, 658, 660
659, 676, 660
1332, 1333, 1329
1331, 1332, 1329
1334, 1329, 660
681, 660, 682
1333, 660, 1329
168, 1335, 1336
1113, 1112, 1251
1005, 168, 1336
1337, 1116, 1118
1337, 1117, 1116
1005, 1336, 1326
1337, 1118, 1113
1113, 1251, 1337
1338, 1337, 1251
1338, 1339, 1337
1221, 1219, 1024
993, 1221, 1024
1340, 1341, 1342
1331, 1343, 1344
1343, 1340, 1344
1330, 1343, 1331
1342, 1344, 1340
681, 1334, 660
658, 659, 660
1345, 1346, 1347
1342, 1348, 1349
1347, 1349, 1348
1292, 1291, 1350
1351, 1342, 1352
1353, 1352, 1342
1348, 1342, 1351
1290, 1350, 1354
1290, 1292, 1350
1345, 1347, 1348
1355, 1353, 1342
1355, 1342, 1341
1285, 1290, 1177
1356, 1357, 1358
1359, 1360, 1361
1354, 1180, 1290
1290, 1180, 1177
1362, 1179, 1178
1363, 1238, 1337
1337, 1339, 1363
1337, 1238, 1117
1238, 1119, 1117
1289, 1284, 1364
1238, 1121, 1119
1365, 1175, 1179
1363, 1366, 1367
1238, 1363, 1243
1180, 1362, 1178
1354, 1362, 1180
1243, 1363, 1367
1354, 1350, 1368
1097, 1369, 1245
1248, 1111, 1369
1111, 1245, 1369
1097, 1244, 1369
1249, 1248, 1370
1371, 1372, 1293
922, 1373, 1374
1293, 1364, 1371
1250, 1373, 922
1364, 1293, 1289
1372, 1375, 1293
922, 899, 1250
1249, 1373, 903
458, 1376, 482
1283, 482, 1284
1284, 482, 1376
1377, 1364, 1376
1378, 1376, 458
903, 1373, 1250
1284, 1376, 1364
651, 104, 1379
1379, 105, 1365
1365, 1380, 1379
1362, 1365, 1179
1248, 1369, 1381
1362, 1382, 1365
104, 105, 1379
1361, 1360, 1383
1384, 993, 1151
1383, 1360, 1385
1221, 993, 1384
1386, 1383, 1385
1386, 1347, 1346
1346, 1387, 1386
1387, 1383, 1386
1388, 1384, 1151
324, 581, 580
335, 330, 571
330, 335, 332
324, 572, 330
1388, 1151, 1389
299, 332, 567
1151, 1017, 1146
571, 330, 572
1146, 1017, 1019
335, 567, 332
1151, 1146, 1389
583, 572, 324
593, 583, 324
593, 324, 580
736, 299, 751
736, 737, 299
299, 748, 751
1146, 1147, 1389
748, 299, 746
1279, 746, 299
1279, 299, 1280
567, 566, 299
1280, 299, 566
992, 1017, 1151
1390, 581, 324
578, 580, 581
1391, 1390, 1392
324, 1392, 1390
1391, 1392, 1393
1394, 1395, 1080
1394, 1080, 1247
1392, 1385, 1393
1396, 1357, 1397
1359, 1358, 1360
1360, 1393, 1385
1357, 1360, 1358
1397, 1357, 1356
1240, 1080, 1395
1242, 1398, 1399
1400, 1369, 1244
1242, 1401, 1398
1241, 1401, 1242
1400, 1381, 1369
1243, 1367, 1400
1400, 1244, 1243
1338, 1402, 1339
1401, 1241, 1240
1403, 1398, 1401
1404, 1398, 1403
1366, 1363, 1402
1366, 1402, 1405
1406, 1407, 1226
1402, 1363, 1339
1061, 1062, 1407
1062, 418, 620
616, 1226, 620
620, 1226, 1407
1062, 620, 1407
1407, 1224, 1061
788, 1408, 1315
788, 1315, 783
788, 789, 1409
788, 1409, 1408
1324, 941, 1315
1315, 1408, 1324
1410, 915, 916
1411, 168, 171
937, 938, 1324
937, 1324, 1412
789, 1413, 1409
789, 1414, 1413
1324, 1408, 1412
1408, 1409, 1412
1413, 1415, 1409
1416, 1417, 1418
1419, 1417, 65
1412, 1409, 1415
1414, 1415, 1413
1419, 1420, 1418
1421, 1422, 1423
1419, 65, 1420
1424, 1418, 1420
1425, 1418, 1424
1416, 1418, 1425
173, 1420, 65
1425, 1300, 1288
1421, 1423, 1426
1312, 1287, 942
1312, 934, 937
1412, 1312, 937
1415, 1416, 1312
1412, 1415, 1312
945, 1427, 1428
1429, 1430, 914
1429, 914, 945
1431, 225, 1432
1388, 1433, 1384
1428, 1434, 1435
1434, 1428, 1436
1428, 1427, 1436
1435, 945, 1428
1437, 1438, 945
1429, 945, 1438
1430, 1429, 1434
1429, 1438, 1434
1437, 1434, 1438
943, 914, 1430
1421, 1439, 1422
943, 1430, 1432
1434, 1432, 1430
1437, 1435, 1434
1434, 1440, 1432
1437, 945, 1435
786, 1441, 1414
786, 1414, 789
1442, 1441, 785
1443, 1441, 1442
786, 785, 1441
1384, 1433, 1221
1442, 785, 796
1426, 1444, 1220
1445, 1443, 796
1442, 796, 1443
1446, 1406, 1447
1448, 1449, 1446
1448, 1407, 1449
1446, 1449, 1406
1226, 1328, 1447
615, 1328, 1226
1328, 1446, 1447
1450, 1221, 1433
1451, 1421, 1450
1452, 1446, 1328
1221, 1450, 1426
1328, 1327, 1452
1421, 1426, 1450
1447, 1406, 1226
1221, 1426, 1220
1433, 1451, 1450
1448, 1453, 1407
1224, 1407, 1453
1449, 1407, 1406
1410, 916, 1217
917, 915, 1410
1388, 1389, 1439
1451, 1433, 1439
1439, 1433, 1388
917, 1410, 921
1147, 1439, 1389
1411, 171, 921
1454, 1422, 1439
1439, 1455, 1454
1439, 1456, 1455
1456, 1457, 1455
1454, 1458, 1422
1457, 1454, 1455
1448, 1327, 1459
1452, 1460, 1446
1421, 1451, 1439
1327, 1448, 1452
1448, 1446, 1460
1460, 1452, 1448
1453, 1448, 1461
1459, 1461, 1448
1220, 1444, 1218
1444, 1216, 1218
1462, 1463, 1464
1463, 1224, 1464
1464, 1453, 1465
1224, 1453, 1464
1212, 1211, 1466
924, 923, 1374
1467, 1468, 1469
1282, 754, 738
1468, 343, 1469
1248, 1470, 1370
1374, 923, 922
749, 1282, 738
1081, 1471, 584
1081, 584, 331
1472, 1473, 1474
1475, 1474, 1473
1249, 1370, 1373
1476, 1477, 1474
1477, 1472, 1474
1478, 1236, 1477
1479, 1281, 1277
1476, 1478, 1477
1282, 1281, 1479
591, 708, 1277
1480, 1476, 1481
1482, 1370, 1470
1476, 1480, 1478
1248, 1381, 1470
1483, 1381, 1400
1481, 1476, 1484
1470, 1381, 1483
1485, 1486, 584
585, 584, 1486
1481, 1487, 1235
1483, 1367, 1366
359, 362, 1488
1367, 1483, 1400
345, 359, 1488
362, 361, 1487
361, 1235, 1487
1487, 1488, 362
1484, 1469, 1487
1484, 1467, 1469
1488, 1487, 1469
343, 1488, 1469
343, 345, 1488
1489, 1490, 708
1481, 1484, 1487
1489, 708, 707
1463, 1067, 1224
1462, 1491, 1492
1492, 1463, 1462
1493, 1494, 1042
1495, 1463, 1492
1042, 1494, 1045
1493, 1042, 1044
1120, 1067, 1495
1096, 1496, 1068
1096, 1103, 1496
1068, 1496, 1048
1497, 1120, 1495
1463, 1495, 1067
1493, 1048, 1496
1048, 1493, 1044
1229, 417, 1043
306, 714, 1498
1229, 1104, 417
762, 1499, 714
1229, 1043, 1100
1153, 1500, 1501
1499, 1498, 714
304, 305, 307
1498, 307, 306
714, 755, 762
1115, 1502, 1114
1499, 1503, 1498
1504, 1251, 1502
1338, 1251, 1504
1504, 1505, 1506
307, 1503, 727
1498, 1503, 307
1291, 1293, 1507
1056, 1508, 1509
1375, 1507, 1293
1509, 1051, 1056
1114, 1502, 1251
1510, 1368, 1350
1511, 1338, 1504
1115, 1501, 1502
1354, 1368, 1512
1501, 1115, 1153
888, 1229, 1513
1507, 1510, 1291
1514, 1229, 1100
1515, 1507, 1375
1515, 1510, 1507
1504, 1502, 1501
1513, 1229, 1514
1291, 1510, 1350
1362, 1354, 1512
1516, 1362, 1512
1511, 1504, 1506
1517, 1518, 1509
1516, 1382, 1362
1109, 888, 1513
1505, 1519, 1506
1510, 1520, 1521
1522, 1523, 1372
1524, 1525, 1372
1526, 1375, 1372
1504, 1501, 1505
1494, 1508, 1056
1375, 1526, 1515
1517, 1509, 1508
1511, 1519, 1527
1506, 1519, 1511
1501, 1528, 1505
1529, 1530, 1531
1532, 1533, 1493
1530, 1524, 1534
1496, 1532, 1493
1531, 1530, 1534
1529, 1524, 1530
1402, 1535, 1405
1536, 1535, 1402
1511, 1402, 1338
1537, 1524, 1529
1527, 1402, 1511
1526, 1372, 1525
1537, 1525, 1524
1054, 1538, 1052
1402, 1527, 1536
1054, 1057, 1538
1049, 1051, 1539
1539, 1057, 1049
1526, 1525, 1540
1541, 1542, 1519
1543, 1544, 1372
1524, 1372, 1544
1543, 1372, 1523
1182, 1538, 1545
1052, 1538, 1182
1522, 1546, 1523
1543, 1523, 1546
1546, 1544, 1543
1494, 1056, 1045
1537, 1547, 1525
1519, 1528, 1548
1541, 1519, 1548
1100, 1046, 1549
1537, 1529, 1547
1549, 1046, 1050
1529, 1550, 1547
1549, 1050, 1551
1050, 1053, 1551
1552, 1539, 1553
1547, 1540, 1525
1554, 1545, 1538
1554, 1555, 1556
1556, 1545, 1554
1557, 1545, 1556
1515, 1520, 1510
1539, 1558, 1057
1559, 1558, 1552
1552, 1558, 1539
1558, 1538, 1057
1526, 1560, 1515
1509, 1518, 1539
1561, 1217, 1562
1526, 1540, 1560
1515, 1563, 1520
1561, 1208, 1209
1561, 1562, 1208
1209, 921, 1561
1417, 1416, 1445
1416, 1415, 1441
1410, 1561, 921
1414, 1441, 1415
1534, 1524, 1544
1564, 1534, 1544
1445, 1416, 1443
1441, 1443, 1416
1312, 1416, 1287
1287, 1416, 1425
78, 1565, 81
1566, 1486, 1485
1566, 1567, 1486
1425, 1288, 1287
1509, 1539, 1051
1568, 1490, 1489
1299, 174, 186
1549, 1551, 1569
172, 174, 1303
172, 1303, 1570
1570, 1303, 1286
1461, 1459, 618
618, 1571, 1461
1571, 618, 621
1424, 1301, 1300
1571, 621, 617
1572, 1573, 1471
1300, 1425, 1424
1572, 1081, 1076
1081, 1572, 1471
186, 195, 1299
1571, 617, 81
81, 1565, 1571
1410, 1217, 1561
1574, 65, 1575
1575, 65, 1417
1418, 1417, 1419
172, 1570, 173
1565, 78, 109
1571, 1565, 1576
1286, 173, 1570
1262, 1254, 1266
1272, 1266, 1265
1571, 1453, 1461
173, 1286, 1301
1301, 1424, 1420
1576, 1565, 109
1577, 1572, 568
1301, 1420, 173
1576, 109, 1453
802, 1417, 1445
1453, 1571, 1576
569, 1577, 568
1578, 1577, 569
1445, 796, 802
1579, 1580, 1581
1579, 1582, 1583
1584, 65, 1574
1579, 1581, 1582
1574, 1575, 806
1582, 1585, 1583
802, 803, 1417
1417, 803, 1575
1575, 803, 806
1572, 1577, 1573
1581, 1580, 23
1578, 1586, 1577
63, 65, 1584
1573, 1577, 1586
805, 1584, 806
808, 63, 805
1574, 806, 1584
63, 1584, 805
1587, 1588, 1272
1589, 23, 1580
63, 820, 1590
808, 820, 63
1276, 1083, 743
820, 832, 1590
1583, 1591, 1579
1079, 745, 752
1591, 1592, 1579
1590, 1593, 162
63, 1590, 162
162, 64, 63
1392, 324, 322
1392, 322, 325
1579, 1592, 1594
1276, 1261, 1595
1579, 1594, 1580
943, 1432, 225
1079, 1595, 1261
1431, 1596, 225
1597, 221, 226
1079, 1261, 745
1329, 1334, 1598
1599, 1282, 1479
22, 1581, 23
1566, 1471, 1573
1471, 1566, 1485
1600, 1582, 1581
1600, 1585, 1582
661, 660, 1333
1585, 1600, 1601
1602, 673, 1332
1581, 22, 1600
673, 661, 1333
584, 1471, 1485
11, 1603, 1600
673, 1333, 1332
1332, 1331, 1602
11, 1600, 12
1277, 708, 1490
12, 1600, 22
1601, 1604, 1585
743, 1261, 1276
681, 679, 1334
1331, 1344, 1602
1605, 1592, 1606
1595, 1607, 1276
1606, 1583, 1585
1329, 1608, 1330
1604, 1606, 1585
1606, 1591, 1583
1598, 1608, 1329
1606, 1592, 1591
1608, 1343, 1330
1342, 1349, 1609
1604, 1610, 1606
1349, 1611, 1609
1311, 1310, 1612
1403, 1613, 1404
1609, 1344, 1342
1614, 1615, 11
1344, 1609, 1602
1616, 1599, 1479
673, 1602, 1609
767, 559, 1403
1609, 1617, 673
1403, 559, 1613
1599, 1595, 1079
1612, 559, 557
1612, 1613, 559
767, 1403, 1401
1240, 767, 1401
1618, 1595, 1599
754, 1282, 1599
1599, 1079, 754
1599, 1616, 1618
948, 673, 1617
1398, 1404, 1399
1277, 1616, 1479
1619, 1610, 1604
1490, 1620, 1616
1404, 1310, 1399
1310, 1308, 1399
1277, 1490, 1616
1606, 1610, 1621
1304, 1399, 1308
948, 670, 673
1622, 1273, 1276
1273, 1622, 1272
1610, 1623, 1621
1622, 1587, 1272
1304, 1242, 1399
1623, 1610, 1624
1341, 1340, 1625
1586, 1626, 1573
1355, 1341, 1625
1566, 1573, 1626
1625, 1340, 1343
1597, 1566, 1626
1608, 1625, 1343
1567, 1566, 1597
768, 556, 1311
1626, 1627, 1597
1586, 1627, 1626
1610, 1619, 1624
1628, 768, 1311
1629, 1100, 1549
1404, 1613, 1310
768, 1628, 1630
1598, 1625, 1608
1629, 1514, 1100
768, 1630, 769
1569, 1629, 1549
1631, 1632, 1612
1559, 1538, 1558
1628, 1612, 1630
1613, 1612, 1310
1632, 1630, 1612
1628, 1311, 1612
771, 770, 1631
868, 1633, 1634
770, 1632, 1631
769, 1630, 770
1632, 770, 1630
868, 1635, 1633
1334, 679, 692
557, 1631, 1612
1553, 1559, 1552
557, 771, 1631
1518, 1553, 1539
767, 1240, 775
875, 1635, 868
1636, 1635, 1637
865, 1637, 1635
865, 1635, 875
1538, 1559, 1554
864, 1638, 1637
1639, 772, 763
1638, 1636, 1637
1240, 1639, 763
1559, 1640, 1641
1637, 865, 864
1559, 1553, 1640
773, 772, 1639
765, 1240, 763
765, 775, 1240
1641, 1554, 1559
1240, 1395, 1639
1639, 1395, 1394
1548, 1528, 1541
1216, 1444, 1642
1528, 1519, 1505
1642, 1466, 1216
1555, 1554, 1641
1213, 1212, 1643
1556, 1555, 1644
1182, 1545, 1183
1211, 1213, 1223
1645, 1557, 1556
1156, 1161, 1646
1557, 1184, 1183
1644, 1645, 1556
1557, 1183, 1545
1646, 1149, 1156
1152, 1160, 1500
1466, 1647, 1212
1648, 1186, 1181
1557, 1181, 1184
1644, 1555, 1649
1557, 1648, 1181
1642, 1647, 1466
1500, 1160, 1159
1153, 1152, 1500
1216, 1215, 1218
1120, 1497, 1148
1517, 1650, 1518
1466, 1211, 1214
1109, 1513, 1651
1216, 1466, 1214
1652, 1158, 1157
1653, 1654, 1191
1651, 1655, 1109
1564, 1531, 1534
951, 953, 1656
1231, 1109, 1655
1657, 1188, 1187
1514, 1658, 1513
1659, 1529, 1531
1188, 1660, 1192
1547, 1550, 1661
1662, 1660, 1188
1661, 1663, 1547
1664, 1665, 1666
1193, 1657, 1187
116, 1624, 1619
1663, 1667, 1668
1665, 1669, 1670
1663, 1668, 1671
1624, 1672, 1623
1192, 1660, 1190
1663, 1671, 1673
1656, 1666, 1598
1598, 1666, 1625
1598, 691, 696
1674, 1675, 1676
696, 952, 951
1600, 1603, 1601
696, 1286, 952
696, 951, 1656
1656, 1598, 696
1665, 1677, 1666
1598, 1334, 692
1547, 1663, 1673
692, 691, 1598
87, 1678, 1679
1347, 1680, 1611
1529, 1661, 1550
1529, 1659, 1661
1679, 1678, 1603
1678, 1039, 1681
1681, 1603, 1678
1349, 1347, 1611
1636, 1638, 1635
1532, 1468, 1533
1508, 1468, 1682
1683, 1163, 1165
1533, 1468, 1508
1684, 1163, 1683
1533, 1508, 1494
1161, 1685, 1646
1533, 1494, 1493
1686, 1687, 1444
1658, 1655, 1651
1651, 1513, 1658
1686, 1426, 1688
1686, 1444, 1426
1652, 1685, 1158
100, 1686, 1688
100, 99, 1686
1444, 1687, 1642
1689, 1690, 1643
1691, 1157, 1163
1163, 1684, 1691
1685, 1161, 1158
1212, 1689, 1643
1212, 1647, 1689
1692, 1693, 1694
1694, 1695, 1692
1687, 1647, 1642
1517, 1696, 1650
1696, 1697, 1698
1693, 1692, 1650
1646, 1685, 1699
1685, 1652, 1699
1517, 1508, 1682
337, 1231, 1655
1655, 1700, 1237
1701, 1702, 1703
1655, 1237, 337
1691, 1702, 1701
1702, 1691, 1684
1655, 1658, 1700
1701, 1703, 1652
1704, 1687, 1705
1467, 1682, 1468
1703, 379, 1652
1157, 1701, 1652
1706, 1707, 1689
1706, 1689, 1647
1652, 379, 1699
1706, 1647, 1687
1691, 1701, 1157
1687, 1704, 1706
1687, 1686, 1705
1497, 1708, 1709
1164, 1148, 1709
1709, 1148, 1497
1003, 1326, 1019
1624, 116, 124
1710, 1495, 1492
117, 1711, 124
1209, 1335, 921
117, 1712, 1711
1411, 1335, 168
1710, 1497, 1495
1209, 19, 1335
1497, 1710, 1708
1336, 1335, 1713
1326, 1336, 1713
1411, 921, 1335
1326, 1713, 1335
1681, 1601, 1603
1604, 1601, 1681
1335, 19, 20
1019, 1326, 1147
1619, 1604, 1681
1439, 1147, 1326
1039, 114, 1681
1149, 1646, 1714
1619, 1681, 116
1681, 114, 116
1646, 1715, 1714
1714, 1501, 1500
615, 1716, 1327
1159, 1149, 1714
1714, 1500, 1159
1716, 1459, 1327
1624, 124, 1672
409, 1716, 410
409, 618, 1716
376, 1703, 1702
376, 1702, 374
1717, 1718, 1629
1716, 618, 1459
1629, 1718, 1514
412, 404, 1719
1702, 1684, 1683
1640, 1650, 1692
1719, 413, 412
404, 405, 1719
1640, 1553, 1650
1640, 1720, 1641
1640, 1695, 1720
1692, 1695, 1640
1721, 400, 413
381, 413, 400
381, 398, 413
1553, 1518, 1650
1715, 1646, 1722
1719, 1721, 413
1629, 1569, 1717
1699, 1723, 1646
390, 887, 1724
1555, 1725, 1649
1724, 887, 892
1708, 459, 1709
1726, 1724, 892
1715, 1722, 1727
124, 1711, 1672
1723, 1722, 1646
1207, 405, 386
1723, 1699, 379
1715, 1727, 1714
405, 1207, 1728
1207, 1206, 1728
1609, 1611, 1729
1667, 1661, 1659
1659, 1531, 1564
1680, 1729, 1611
1730, 1659, 1564
1674, 1659, 1730
1676, 1659, 1674
1638, 1731, 1635
1732, 1345, 1348
569, 837, 1578
1659, 1676, 1733
1365, 1382, 1380
1348, 1734, 1735
1348, 1735, 1732
1736, 1368, 1737
1734, 1348, 1351
1738, 1739, 1740
325, 326, 1385
1510, 1737, 1368
326, 1680, 1386
326, 1741, 1729
326, 1729, 1680
1680, 1347, 1386
1385, 326, 1386
1740, 1739, 1742
1510, 1521, 1737
1743, 1382, 1516
1520, 1737, 1521
1739, 1744, 1745
1540, 1746, 1560
1658, 1514, 1718
1658, 1718, 1700
1747, 1361, 1383
1747, 1358, 1359
1748, 1749, 1750
1747, 1356, 1358
1515, 1560, 1563
1649, 1750, 1749
1747, 1359, 1361
1747, 1383, 1387
1649, 1751, 1750
1346, 1747, 1387
1377, 1371, 1364
1644, 1649, 1645
1725, 1752, 1649
1753, 1747, 1346
1732, 1753, 1346
1732, 1346, 1345
1385, 1392, 325
1754, 1725, 1720
1645, 1649, 1749
1720, 1555, 1641
1734, 1755, 1735
1725, 1555, 1720
1563, 1560, 1746
1746, 1756, 1563
1753, 1735, 1755
1735, 1753, 1732
1757, 1617, 1609
1746, 1758, 1756
1757, 1609, 1729
1759, 1756, 1758
1760, 1717, 1761
1757, 1729, 1741
1762, 1736, 1737
1718, 1760, 1700
1760, 1718, 1717
1747, 1763, 1356
1764, 1754, 1720
1747, 1753, 1765
1766, 1540, 1547
1765, 1763, 1747
1766, 1547, 1673
1764, 1720, 1695
1767, 1397, 1763
1397, 1356, 1763
1768, 1767, 1763
1694, 1764, 1695
1668, 1769, 1671
1770, 1771, 1772
1661, 1667, 1663
1773, 1765, 1753
1772, 1774, 1770
1772, 1775, 1774
1771, 1775, 1772
1776, 1775, 1771
1777, 1778, 1775
1779, 1774, 1778
1753, 1755, 1780
1673, 1671, 1766
1781, 1779, 1782
1782, 1783, 1784
1757, 1785, 1617
1757, 1786, 1785
1741, 1786, 1757
1668, 1659, 1769
1659, 1668, 1667
1781, 1782, 1784
1743, 1512, 1368
1516, 1512, 1743
1741, 1787, 1786
1774, 1775, 1778
1368, 1736, 1743
1779, 1778, 1777
1779, 1777, 1782
1788, 1787, 1741
601, 651, 1379
1779, 1770, 1774
342, 1379, 1380
1789, 1790, 1783
1784, 1790, 1781
1781, 1764, 1779
1382, 1791, 1380
1770, 1779, 1792
1743, 1791, 1382
1792, 1779, 1764
1793, 1517, 1682
1794, 1795, 1796
1743, 1797, 1791
1697, 1793, 1467
1697, 1696, 1793
1743, 1798, 1797
1793, 1696, 1517
1743, 1799, 1798
1484, 1697, 1467
1800, 1563, 1756
1800, 1756, 1762
1795, 1801, 1802
1758, 1746, 1803
1353, 1804, 1352
1186, 1648, 1193
1578, 1805, 1586
837, 1806, 1578
1197, 1807, 1189
1266, 1272, 1588
1185, 1551, 1053
1185, 1189, 1808
1740, 1742, 1809
1808, 1189, 1807
1810, 879, 1811
1808, 1569, 1551
879, 880, 1811
1185, 1808, 1551
1739, 1745, 1742
1811, 1812, 1813
880, 1002, 1811
1814, 1807, 1815
1812, 1816, 1813
1817, 1813, 1816
1109, 1231, 1818
1002, 1812, 1811
881, 1027, 1817
1002, 881, 1812
1816, 1812, 881
1748, 1662, 1657
881, 1817, 1816
1818, 1107, 1109
1107, 1818, 1819
1657, 1193, 1748
1818, 1820, 1819
1662, 1188, 1657
1818, 1821, 1820
1588, 1587, 1817
1653, 1822, 1823
1622, 1276, 1824
1825, 1826, 1742
1622, 1824, 1587
1825, 1827, 1826
1742, 1826, 1809
1828, 1829, 1607
1808, 1807, 1814
1605, 1594, 1592
1828, 1830, 1829
1814, 1569, 1808
1594, 1589, 1580
1606, 1621, 1605
1645, 1831, 1648
1607, 1595, 1828
1645, 1648, 1557
1831, 1749, 1748
1648, 1831, 1748
1193, 1648, 1748
1832, 1662, 1748
1660, 1662, 1832
1605, 1621, 1833
1828, 1595, 1618
1834, 1605, 1833
1276, 1607, 1835
1589, 211, 23
1822, 1836, 1837
1013, 1838, 1839
1840, 1838, 1841
1013, 1841, 1838
1842, 1822, 1653
1843, 198, 211
1832, 1653, 1660
1832, 1842, 1653
1594, 1605, 1844
1845, 1846, 1840
1845, 1840, 1022
1841, 1022, 1840
1020, 1841, 1013
1831, 1645, 1749
1022, 1841, 1020
1814, 1847, 1717
1838, 1840, 1846
1848, 1849, 1839
1849, 1014, 1839
1013, 1839, 1014
1843, 1850, 1851
1844, 1843, 1589
1569, 1814, 1717
1851, 198, 1843
1851, 209, 198
1848, 1839, 1852
1838, 1846, 1839
1023, 1014, 1849
1852, 1023, 1848
1589, 1843, 211
1849, 1848, 1023
1852, 1853, 1023
1844, 1589, 1594
1023, 1853, 866
1854, 1731, 1638
154, 157, 215
1853, 1854, 866
866, 1854, 867
1843, 1844, 1834
1854, 1638, 867
864, 867, 1638
1855, 157, 1204
1852, 1839, 1846
1811, 1813, 1810
1856, 1834, 1857
879, 1810, 1022
1844, 1605, 1834
1810, 1858, 1845
1022, 1810, 1845
1855, 1204, 1203
1843, 1834, 1850
1834, 1856, 1850
1859, 1855, 1203
1204, 157, 156
1860, 1851, 1850
1199, 1653, 1191
1660, 1653, 1199
1660, 1199, 1190
1861, 1862, 1738
1861, 1863, 1862
1861, 1738, 1864
1865, 1866, 1607
1865, 1607, 1829
1197, 149, 1867
1868, 1863, 1869
149, 148, 1867
1868, 1862, 1863
1191, 1654, 1200
1863, 1870, 1869
1654, 1198, 1202
1654, 1202, 1201
1853, 1731, 1854
1807, 1197, 1867
1860, 1871, 1872
1654, 1201, 1200
1867, 1815, 1807
1853, 1852, 1846
1873, 1635, 1731
1196, 1859, 1203
1859, 1196, 1198
1874, 1875, 1859
1792, 1764, 1694
1855, 1859, 1875
1694, 1693, 1876
1873, 1877, 1635
1875, 215, 1855
1698, 1876, 1693
1876, 1792, 1694
405, 1728, 1719
1207, 386, 165
164, 1207, 165
1698, 1693, 1696
1703, 376, 379
1650, 1696, 1693
164, 1194, 1207
1206, 1878, 1728
1719, 1728, 1878
1793, 1682, 1467
1719, 1878, 1721
1700, 574, 1237
1879, 391, 390
1724, 1879, 390
380, 654, 379
379, 664, 1723
1760, 574, 1700
1880, 570, 574
664, 379, 654
1708, 457, 459
1881, 457, 1708
1697, 1484, 1476
1474, 1697, 1476
1882, 391, 1879
1881, 1708, 1710
1883, 1710, 1492
1876, 1698, 1475
1474, 1475, 1698
1474, 1698, 1697
1722, 1884, 1727
1770, 1876, 1771
664, 1722, 1723
1792, 1876, 1770
1885, 1886, 1721
1776, 1771, 1876
664, 1884, 1722
1475, 1776, 1876
1776, 1475, 1473
1714, 1727, 1884
1721, 1887, 400
1480, 1236, 1478
1473, 1236, 1776
1472, 1236, 1473
6, 1888, 1236
1235, 1234, 1236
400, 1887, 624
1888, 1776, 1236
624, 401, 400
1236, 1480, 1235
1235, 1480, 1481
1222, 924, 1889
1, 1888, 6
1, 7, 1775
1, 1775, 1888
7, 1890, 1775
1891, 1482, 1892
1477, 1236, 1472
1775, 1776, 1888
1373, 1370, 1893
1893, 1370, 1482
1894, 1752, 1725
1893, 1889, 924
1893, 1482, 1891
1895, 1885, 1325
1374, 1373, 1893
1781, 1790, 1894
1886, 1885, 1895
1225, 1325, 1195
1894, 1764, 1781
924, 1374, 1893
1891, 1896, 1893
1894, 1754, 1764
1897, 1213, 1643
1894, 1725, 1754
1225, 1213, 1325
1721, 1886, 1887
1889, 1893, 1896
1898, 1899, 1900
1886, 1901, 1887
1899, 1902, 1900
1899, 1898, 1902
1903, 1904, 1902
1902, 1904, 1900
1465, 1905, 1491
1903, 1906, 1907
1908, 1909, 1904
1907, 1789, 1890
1860, 1872, 1851
420, 1872, 1870
1790, 1789, 1906
1482, 1470, 1892
209, 1872, 415
1784, 1783, 1790
1782, 1775, 1783
1789, 1907, 1906
1783, 1775, 1789
1492, 1491, 1910
1871, 1870, 1872
420, 415, 1872
1851, 1872, 209
420, 1870, 1863
1861, 416, 403
421, 419, 1863
1863, 403, 421
1863, 419, 420
1861, 403, 1863
1869, 1870, 1871
1483, 1366, 1911
1912, 1898, 1909
408, 613, 622
1913, 1914, 1915
1916, 1917, 1889
626, 622, 613
622, 1918, 1919
1896, 1916, 1889
1902, 1898, 1912
1920, 1868, 1869
1920, 1921, 1868
1913, 1915, 1922
1923, 1913, 1922
1923, 1924, 1925
1862, 1868, 1926
1927, 1928, 1915
1914, 1912, 1927
1868, 1921, 1926
1916, 1896, 1891
1871, 1920, 1869
1929, 1916, 1891
1751, 1930, 1750
1750, 1930, 1931
1932, 1738, 1862
1649, 1752, 1751
1926, 1932, 1862
1790, 1906, 1752
1752, 1906, 1751
1751, 1906, 1903
1902, 1930, 1751
1871, 1860, 1920
1752, 1894, 1790
1933, 1921, 1920
1934, 1935, 1891
1936, 1578, 1806
574, 573, 1237
1806, 570, 1880
1929, 1891, 1935
1761, 1806, 1880
1920, 1860, 1933
574, 1760, 1880
1760, 1761, 1880
1860, 1850, 1933
1892, 1934, 1891
8, 1909, 1908
1937, 1935, 1934
1908, 1903, 1890
1903, 1908, 1904
1907, 1890, 1903
1777, 1775, 1782
1890, 1789, 1775
1937, 1934, 1892
1751, 1903, 1902
1803, 1746, 1540
777, 1909, 8
777, 456, 1927
777, 1927, 1909
1898, 1900, 1909
1900, 1904, 1909
1937, 1892, 1938
1909, 1927, 1912
1736, 1939, 1940
1939, 1736, 1762
1938, 1892, 1470
1759, 1736, 1940
1470, 1483, 1938
1911, 1938, 1483
1759, 1743, 1736
1940, 1939, 1759
1756, 1759, 1939
1762, 1756, 1939
1931, 1902, 1912
9, 1890, 7
9, 8, 1908
9, 1908, 1890
1905, 1941, 1942
1491, 1905, 1942
1737, 1800, 1762
1942, 1910, 1491
1520, 1563, 1800
1737, 1520, 1800
107, 1941, 108
1905, 108, 1941
1943, 1929, 1944
1944, 1945, 1943
125, 1946, 1947
1758, 1947, 1759
1759, 1947, 1743
1948, 1949, 1944
1946, 125, 132
1911, 1405, 1950
1944, 1949, 1945
1947, 1946, 1799
1405, 1911, 1366
1743, 1947, 1799
1799, 1946, 1798
1946, 132, 1798
1377, 1376, 318
1536, 1527, 1519
318, 1376, 1378
1659, 841, 144
1536, 1951, 1535
144, 1952, 1671
1519, 1542, 1536
144, 1671, 1769
1659, 144, 1769
1671, 141, 1953
142, 141, 1671
1954, 136, 1803
1501, 1714, 1955
1528, 1955, 1956
1957, 1528, 1956
1542, 1528, 1957
1954, 1803, 1766
1501, 1955, 1528
1541, 1528, 1542
1540, 1766, 1803
1957, 1958, 1542
1955, 1714, 1884
1671, 1953, 1954
1671, 1954, 1766
1659, 1959, 841
142, 1960, 144
144, 1960, 1952
1536, 1542, 1958
1960, 1671, 1952
125, 1947, 1758
1536, 1961, 1951
1960, 142, 1671
1536, 1958, 1961
1954, 1953, 141
1804, 1677, 1734
1962, 1767, 1768
1954, 141, 136
125, 1758, 1803
131, 125, 1803
1768, 1963, 1962
131, 1803, 136
1964, 1675, 755
755, 1965, 761
1966, 1372, 1965
1522, 1372, 1966
761, 1965, 1372
1546, 1522, 1966
1544, 1546, 755
1546, 1967, 755
1966, 1967, 1546
1962, 1968, 1969
755, 1970, 1965
1965, 1970, 1966
1970, 755, 1967
1962, 1963, 1968
1970, 1967, 1966
1351, 1352, 1804
1372, 1971, 761
1734, 1351, 1804
1804, 1625, 1666
1371, 1971, 1372
1355, 1804, 1353
1972, 1964, 755
1355, 1625, 1804
1973, 1971, 1974
1666, 1677, 1804
1973, 1503, 1499
1973, 1499, 762
1973, 727, 1503
1973, 762, 761
1971, 1973, 761
1674, 1730, 1675
1564, 1544, 1675
1564, 1675, 1730
1544, 755, 1675
1617, 1975, 1976
1977, 1976, 1975
946, 1427, 945
1964, 1978, 1979
946, 948, 1976
1976, 1427, 946
1972, 1980, 1978
1427, 1976, 1977
1617, 1976, 948
1978, 1980, 1981
1978, 1964, 1972
1982, 1980, 1972
1983, 1980, 1984
1985, 1986, 1669
1986, 1987, 1669
1987, 1988, 1669
1980, 1982, 1989
1980, 1989, 1990
1980, 1990, 1984
1780, 1734, 1677
1978, 1981, 1991
1664, 1656, 1299
1656, 953, 1299
1981, 1980, 1983
1989, 1982, 755
1989, 755, 1992
1972, 755, 1982
1993, 1994, 755
1995, 755, 1996
1995, 1993, 755
1992, 755, 1994
983, 1996, 755
1985, 1669, 1665
1985, 1665, 1664
1989, 1992, 1990
1656, 1664, 1666
1990, 1992, 1994
1677, 1665, 1670
1780, 1677, 1670
1990, 1994, 1997
1669, 1988, 1670
1997, 1994, 1993
983, 989, 1996
1998, 1999, 2000
1724, 1726, 1998
195, 1986, 1985
1998, 2000, 1724
1985, 1299, 195
1664, 1299, 1985
2000, 2001, 1882
1987, 1986, 292
2002, 1987, 292
2003, 1945, 1949
2004, 2005, 1945
1877, 2006, 2007
2008, 2009, 1670
1865, 1829, 1731
1945, 2005, 1943
1829, 1873, 1731
2006, 1877, 1873
1988, 2008, 1670
1829, 2006, 1873
2010, 2011, 2008
2012, 1943, 2005
2013, 2014, 1817
2013, 1817, 1587
1987, 2015, 1988
1987, 2016, 2015
2013, 1587, 1824
2017, 1753, 1780
2005, 2018, 2012
1773, 1753, 2017
1617, 1785, 1975
1977, 1975, 1785
1945, 2019, 2004
1945, 2003, 2019
1846, 1845, 1858
1763, 1765, 1773
2004, 2020, 2005
1785, 2021, 1977
1813, 1817, 2014
2014, 1858, 1813
2022, 1824, 1276
1768, 1763, 1773
1824, 2022, 2013
2022, 2014, 2013
1858, 2014, 2022
2022, 1846, 1858
1276, 1835, 2022
1802, 1796, 1795
2023, 1731, 1853
2023, 1853, 1866
1835, 1866, 1853
1846, 1835, 1853
1865, 1731, 2023
1607, 1866, 1835
2023, 1866, 1865
2022, 1835, 1846
1858, 1810, 1813
1074, 1077, 2024
2025, 2026, 2021
2027, 2028, 2019
2029, 2030, 2004
2019, 2029, 2004
2000, 1882, 1879
1724, 2000, 1879
2003, 2031, 2027
2003, 2027, 2019
1885, 1206, 1205
2032, 1885, 1205
1653, 1823, 1874
1205, 1325, 2032
1885, 2032, 1325
1885, 1878, 1206
148, 210, 2033
1867, 148, 2033
1885, 1721, 1878
1815, 1867, 2033
615, 391, 1882
1874, 1859, 1198
615, 2034, 1716
1882, 2001, 2034
1874, 1654, 1653
1874, 1198, 1654
615, 1882, 2034
2033, 210, 216
2033, 2035, 1815
872, 638, 2036
2036, 638, 624
1325, 1213, 1897
2037, 2038, 2039
1875, 2040, 215
1895, 2041, 1901
1895, 2036, 2041
1895, 1901, 1886
2041, 624, 1887
2036, 624, 2041
157, 1855, 215
1901, 2041, 1887
216, 2035, 2033
1897, 1690, 1895
1948, 2042, 2043
2043, 2042, 2037
215, 213, 212
1325, 1897, 1895
2027, 2031, 2044
2045, 2044, 2031
2031, 2003, 2045
1748, 1750, 1832
1726, 2046, 2047
2043, 2003, 1949
1949, 1948, 2043
892, 893, 1726
2047, 1999, 1726
2028, 2027, 2048
2044, 2048, 2027
2044, 240, 242
2044, 242, 2048
1999, 1998, 1726
243, 2028, 2048
243, 2048, 242
1847, 2049, 1717
2044, 2045, 2050
2050, 241, 240
2047, 2051, 1999
2000, 1999, 2051
2051, 2001, 2000
2044, 2050, 240
243, 238, 2029
243, 2029, 2028
2052, 2001, 2051
2029, 2019, 2028
1832, 1750, 1931
2053, 2024, 1077
1266, 2054, 1262
2055, 2056, 2057
2058, 2055, 2057
1263, 2054, 2024
1263, 1262, 2054
2059, 1874, 1823
2024, 2053, 2060
1822, 2059, 1823
1836, 1822, 1842
2054, 1266, 1588
1588, 2061, 2054
2024, 2054, 2062
2063, 1836, 1842
2064, 2065, 2055
2066, 2050, 2045
2067, 2063, 1842
2024, 2062, 2068
1842, 1832, 2067
2066, 2069, 2050
2059, 1822, 1837
2045, 2003, 2066
1837, 2070, 2059
2043, 2066, 2003
2055, 2069, 2066
2043, 2055, 2066
1847, 1814, 1815
2056, 2055, 2065
1847, 1815, 2035
1836, 2071, 2072
2063, 2067, 1832
1832, 1931, 2063
2024, 2068, 2073
565, 1029, 2073
2068, 2074, 2073
2073, 1074, 2024
2065, 2069, 2057
2056, 2065, 2057
1074, 2073, 2075
1836, 2063, 2071
2057, 2069, 2058
2064, 2076, 2065
2074, 565, 2073
2077, 2078, 2064
2069, 2076, 2050
2075, 2073, 2079
2075, 2079, 1394
2080, 2059, 2081
1074, 2075, 1246
2075, 1394, 1247
2075, 1247, 1246
552, 2062, 2054
2055, 2058, 2069
552, 2054, 2061
2072, 1837, 1836
2077, 2064, 2055
2050, 2076, 241
1028, 2079, 2073
2073, 1029, 1028
2037, 2039, 2082
2055, 2037, 2077
2082, 2077, 2037
2055, 2043, 2037
2074, 1026, 565
2069, 2065, 2076
2035, 2083, 1847
2074, 2068, 1026
1761, 1717, 2049
1025, 2068, 2062
2049, 1847, 2083
2049, 1936, 1761
2076, 239, 241
2059, 2084, 2085
2076, 2064, 2086
764, 2079, 563
2076, 2086, 239
239, 2086, 237
1028, 563, 2079
2062, 552, 1025
2052, 2087, 2001
2088, 1535, 2089
1588, 1817, 1027
1535, 1951, 2089
1025, 1026, 2068
1690, 1897, 1643
553, 2061, 1588
2088, 2090, 1535
1588, 1027, 553
1707, 2091, 1689
2061, 553, 552
1690, 2092, 2036
1639, 774, 773
1639, 1394, 774
1394, 764, 774
1394, 2079, 764
2088, 2089, 981
1405, 1535, 2090
2093, 2094, 581
579, 2094, 2095
579, 581, 2094
1390, 2093, 581
2090, 2088, 1950
1911, 2096, 1938
2093, 1390, 1391
2093, 1391, 2097
2090, 1950, 1405
2097, 1391, 1393
1950, 2088, 2098
2097, 1393, 1360
1357, 1396, 2099
2096, 1911, 2098
1950, 2098, 1911
2099, 2100, 1357
2036, 1895, 1690
2097, 1360, 2100
1956, 1955, 2101
2102, 872, 2036
960, 2103, 2104
2091, 2092, 1690
1956, 2101, 2104
1689, 2091, 1690
2101, 961, 2104
958, 960, 2104
961, 958, 2104
2101, 928, 961
1957, 2104, 2103
1956, 2104, 1957
1958, 1957, 2103
989, 994, 1996
2103, 1961, 1958
2103, 981, 1961
2105, 2102, 2092
1961, 981, 1951
1919, 2106, 622
2091, 2105, 2092
981, 2089, 1951
2088, 981, 2107
622, 2108, 619
1883, 1910, 1942
2091, 2109, 2105
1942, 2110, 1883
622, 2106, 2108
1883, 1881, 1710
76, 2108, 2111
2092, 2102, 2036
1883, 1492, 1910
2102, 876, 872
617, 619, 76
619, 2108, 76
617, 76, 81
2112, 874, 876
939, 457, 1881
628, 627, 2113
76, 2111, 77
2110, 2114, 939
627, 2046, 2113
2110, 939, 1881
1881, 1883, 2110
929, 1884, 664
664, 665, 929
1955, 928, 2101
1884, 929, 928
2115, 2113, 893
1955, 1884, 928
2113, 2046, 1726
2113, 1726, 893
1948, 1935, 1937
2091, 1707, 2109
410, 2087, 2046
2059, 2085, 1874
1875, 1874, 2085
2046, 627, 410
2116, 213, 215
2087, 2052, 2046
2051, 2046, 2052
1623, 1833, 1621
2046, 2051, 2047
1716, 2034, 2087
2116, 2117, 213
216, 218, 2118
1623, 1672, 1833
216, 2118, 2035
215, 2040, 2116
2040, 2085, 2084
1786, 2025, 2021
1786, 2021, 1785
1875, 2085, 2040
2119, 1801, 1795
1834, 1833, 1857
2120, 214, 213
1963, 2121, 1968
1780, 1670, 2009
2059, 2080, 2084
2084, 2080, 2122
2123, 1933, 2124
2122, 2040, 2084
1780, 1755, 1734
2040, 2122, 2125
2116, 2040, 2125
2125, 2126, 2116
2124, 1850, 1856
1963, 1768, 2121
2119, 1795, 1969
1969, 1968, 2119
1833, 2127, 1857
2116, 2126, 2128
1857, 2127, 1856
1627, 1805, 2083
1833, 1672, 2127
2118, 1627, 2083
2124, 1933, 1850
2118, 218, 221
2116, 2128, 2117
2129, 2130, 2124
700, 296, 2131
212, 2131, 232
2131, 296, 258
2131, 258, 232
2132, 2130, 2133
212, 214, 2131
2120, 2131, 214
2128, 2120, 2117
2133, 2130, 2129
213, 2117, 2120
1856, 2129, 2124
2035, 2118, 2083
2129, 1856, 2133
1856, 2127, 2133
1935, 1944, 1929
2121, 1768, 1773
1943, 1916, 1929
1921, 1933, 2123
2121, 1773, 2017
1948, 1944, 1935
2134, 2135, 2136
1921, 2123, 1926
1780, 2009, 2137
2137, 2121, 2017
2124, 2130, 2138
1932, 2124, 2138
44, 1801, 2119
2136, 2139, 2134
2119, 2140, 44
1932, 1739, 1738
2119, 1968, 2140
2121, 2137, 2141
2121, 2140, 1968
1926, 2123, 1932
1932, 2123, 2124
2140, 26, 44
1948, 1937, 1938
2141, 21, 2121
2106, 2142, 2143
2140, 2121, 21
21, 26, 2140
2017, 1780, 2137
2143, 2108, 2106
44, 32, 1801
2139, 2136, 1917
2144, 1916, 1943
2143, 2111, 2108
2145, 2146, 1427
2147, 740, 2134
2135, 2134, 740
734, 2135, 740
2148, 2149, 1427
2148, 1427, 1977
1977, 2150, 2151
734, 387, 2135
2026, 225, 1596
106, 77, 2152
2149, 2153, 2145
2153, 2154, 2145
2146, 2145, 2154
1431, 2154, 2153
2155, 2071, 2063
2111, 2152, 77
2155, 2156, 2072
2154, 2157, 2146
2157, 1440, 2146
1436, 2146, 1440
1436, 1440, 1434
1431, 2157, 2154
2155, 2072, 2071
1436, 1427, 2146
2145, 1427, 2149
1431, 1440, 2157
2106, 1919, 2158
1931, 1912, 2155
2153, 2149, 2159
2159, 2149, 2160
2148, 2160, 2149
2148, 2161, 2162
2151, 2162, 2161
1431, 2153, 2159
1914, 2155, 1912
2160, 1431, 2159
1233, 2163, 1821
2160, 2148, 2162
1596, 1431, 2160
1596, 2160, 2162
2164, 2106, 2158
1431, 1432, 1440
994, 989, 990
2156, 2165, 2072
2166, 2165, 2156
2167, 1997, 1993
1923, 2155, 1913
1995, 1996, 2167
1922, 1915, 1928
1915, 1914, 1927
2168, 1923, 1928
1995, 2167, 1993
2167, 1996, 994
2169, 1924, 2168
1924, 1923, 2168
1922, 1928, 1923
2170, 2168, 1928
2166, 2170, 2171
2168, 2170, 2166
2168, 2166, 2172
1990, 1997, 2173
2173, 1984, 1990
2169, 2168, 2172
2173, 2174, 1983
2173, 1983, 1984
2166, 2156, 2172
2172, 1924, 2169
2155, 2172, 2156
1925, 2172, 2155
1371, 1377, 2175
1914, 1913, 2155
2172, 1925, 1924
1971, 2175, 1974
1971, 1371, 2175
727, 1974, 1076
1974, 727, 1973
1925, 2155, 1923
1675, 1733, 1676
2176, 2177, 2178
2179, 2161, 2148
2179, 1977, 2161
2151, 2161, 1977
2180, 2181, 2182
2179, 2148, 1977
2183, 824, 2184
824, 2185, 2184
2186, 827, 2183
2180, 2182, 2177
2187, 2180, 2177
2188, 827, 2186
2189, 2188, 2186
1931, 2155, 2063
2189, 2190, 2188
1837, 2072, 2165
828, 2188, 2190
824, 2183, 827
1930, 1902, 1931
1979, 2191, 1964
828, 827, 2188
1964, 2191, 1733
2184, 25, 2183
1675, 1964, 1733
2070, 1837, 2165
2100, 1360, 1357
2081, 2059, 2070
2181, 2080, 2081
2182, 2181, 2081
1397, 1767, 2099
1397, 2099, 1396
1969, 2100, 2099
1788, 1486, 1787
585, 1486, 1788
2171, 2182, 2081
1788, 323, 585
326, 323, 1788
2171, 2081, 2166
326, 1788, 1741
2070, 2165, 2081
1767, 1962, 2099
2099, 1962, 1969
2100, 1794, 2097
2100, 1795, 1794
2165, 2166, 2081
2100, 1969, 1795
2192, 2094, 2093
1805, 2049, 2083
1936, 1806, 1761
1805, 1936, 2049
2095, 2094, 2192
2193, 2095, 2192
1805, 1578, 1936
1627, 1586, 1805
2034, 2001, 2087
1927, 456, 1928
455, 1928, 456
455, 460, 2178
455, 2178, 1928
410, 1716, 2087
2171, 2170, 1928
1928, 2178, 2171
2182, 2171, 2178
2182, 2178, 2177
2187, 2177, 2176
2194, 1740, 2195
2095, 592, 579
778, 2176, 2178
778, 2178, 460
2095, 2193, 706
2192, 2093, 1794
1796, 2193, 2192
1864, 1738, 2194
1794, 1796, 2192
2187, 2196, 2197
2194, 1738, 1740
2198, 2196, 2199
2095, 706, 596
2200, 2187, 2197
1861, 1864, 416
2197, 2198, 2200
1864, 2194, 416
2095, 596, 592
2199, 2200, 2198
2200, 2180, 2187
2097, 1794, 2093
2199, 2201, 2200
221, 1597, 1627
1787, 2025, 1786
402, 416, 2202
2118, 221, 1627
2180, 2200, 2203
2204, 706, 2193
2180, 2203, 2181
406, 402, 2202
2122, 2203, 2125
1802, 2193, 1796
2202, 2205, 406
2126, 2201, 2206
2194, 2202, 416
2126, 2206, 2128
706, 2204, 2207
2203, 2126, 2125
2203, 2201, 2126
407, 406, 2205
2202, 2194, 2195
2122, 2181, 2203
2202, 2195, 2205
2181, 2122, 2080
1486, 1567, 2208
1486, 2208, 1787
1787, 2208, 2025
2209, 2210, 2211
2212, 2131, 2213
2120, 2128, 2214
2128, 2206, 2214
2131, 2120, 2214
2215, 2212, 2213
1802, 2204, 2193
2198, 2197, 2196
2216, 2217, 2196
2217, 2218, 2196
2218, 2199, 2196
2203, 2200, 2201
1489, 707, 1568
2201, 2199, 2218
2219, 2039, 2038
1490, 1568, 1620
2038, 2211, 2219
2210, 2219, 2211
2217, 2201, 2218
2217, 2206, 2201
2220, 2210, 2209
707, 706, 2221
1568, 707, 2222
2209, 974, 970
2223, 2224, 1568
2225, 2216, 2226
2222, 2227, 2228
2221, 706, 2207
2221, 2222, 707
2214, 2216, 2225
245, 247, 2229
2207, 2204, 2230
2229, 247, 246
2225, 2226, 2231
2232, 2229, 246
2232, 246, 248
2232, 248, 2078
2207, 2230, 2221
2078, 237, 2086
31, 2230, 2204
2078, 248, 237
2208, 1567, 226
1567, 1597, 226
2082, 2233, 2077
2229, 2077, 2233
2082, 2234, 2233
2232, 2077, 2229
2086, 2064, 2078
2232, 2078, 2077
2235, 2236, 2233
2216, 2214, 2217
2226, 2216, 2196
2206, 2217, 2214
2235, 2233, 253
251, 253, 2233
2237, 2236, 2235
2229, 2233, 2236
2226, 2238, 2231
779, 2196, 2176
779, 2176, 778
779, 780, 2238
779, 2238, 2196
780, 2239, 2238
2082, 2039, 2234
2187, 2176, 2196
2240, 1616, 1620
2229, 2236, 245
245, 2236, 2237
2240, 1618, 1616
250, 245, 2237
2235, 253, 250
2235, 250, 2237
2241, 2215, 2242
2210, 2220, 2243
2244, 2240, 2224
2131, 2214, 2213
2245, 2219, 2210
2214, 2225, 2213
2222, 2223, 1568
2225, 2231, 2213
2230, 2227, 2222
2213, 2242, 2215
2231, 2242, 2213
2230, 2222, 2221
2215, 1307, 2246
1620, 1568, 2240
781, 2239, 780
1568, 2224, 2240
781, 222, 224
781, 224, 2239
1618, 2247, 2248
2239, 2231, 2238
2238, 2226, 2196
2231, 2239, 2242
2241, 2242, 2239
2249, 2250, 2251
2131, 2212, 700
2245, 2250, 2249
2173, 1997, 1137
2245, 2243, 2250
2173, 1137, 2252
2245, 2210, 2243
2252, 2253, 2254
2251, 2250, 2243
2255, 2256, 2257
2243, 2220, 2251
2234, 2245, 2249
2258, 254, 256
2139, 2257, 2147
2139, 2144, 2255
2139, 2255, 2257
2259, 255, 2258
2252, 2254, 2260
255, 254, 2258
2253, 1132, 2254
2249, 2261, 2234
2261, 2233, 2234
2139, 2147, 2134
2261, 2249, 2258
2252, 1137, 2253
1916, 2139, 1917
2251, 2262, 2258
1136, 2253, 1137
1136, 1132, 2253
1274, 2263, 2254
2264, 2260, 2254
2256, 468, 463
2256, 463, 740
1132, 1274, 2254
463, 462, 741
463, 741, 740
740, 2147, 2256
2147, 2257, 2256
2173, 2252, 2260
2173, 2260, 2264
1916, 2144, 2139
2265, 466, 432
2265, 432, 760
2266, 466, 2265
462, 467, 741
2266, 461, 466
2267, 461, 2266
741, 467, 742
2264, 2254, 2263
2267, 465, 461
2267, 742, 467
465, 2267, 467
760, 759, 2265
1089, 1137, 2167
759, 739, 2265
739, 735, 742
735, 734, 742
2167, 1137, 1997
2266, 2265, 739
2167, 994, 1089
2267, 2266, 742
2266, 739, 742
1377, 315, 2175
318, 315, 1377
568, 1974, 2175
2268, 2269, 2012
568, 2175, 315
2018, 2268, 2012
2270, 2271, 2272
568, 1076, 1974
2255, 2144, 2272
568, 1572, 1076
2144, 1943, 2012
2270, 2272, 2144
2144, 2012, 2270
1264, 1263, 2263
2256, 2255, 2273
2274, 2272, 2271
2274, 2273, 2272
2273, 468, 2256
1274, 1267, 1264
2263, 1274, 1264
2273, 487, 468
2264, 2275, 2173
2255, 2272, 2273
483, 488, 2271
2274, 2271, 488
2276, 1827, 853
2276, 853, 645
2273, 2274, 488
2273, 488, 487
474, 472, 2018
2275, 2174, 2173
1263, 2275, 2263
2020, 475, 474
2263, 2275, 2264
474, 2018, 2020
476, 475, 2020
476, 2020, 2030
2029, 238, 476
2029, 476, 2030
2268, 472, 471
889, 2115, 893
472, 2268, 2018
2269, 483, 2271
2115, 889, 628
2269, 2268, 471
2269, 471, 483
2174, 2277, 2278
2030, 2020, 2004
2270, 2012, 2269
2018, 2005, 2020
628, 2113, 2115
2271, 2270, 2269
2278, 1983, 2174
1942, 1941, 2279
2110, 1942, 2279
840, 2114, 337
107, 337, 1941
1941, 337, 2279
876, 407, 2112
981, 2103, 960
407, 2205, 2112
2280, 2098, 2088
1983, 2278, 1981
1981, 2278, 1991
2281, 874, 2112
2277, 2174, 2275
2282, 2280, 2088
2088, 2107, 2282
2281, 2283, 645
2280, 2096, 2098
975, 974, 2107
975, 2107, 981
2284, 628, 1108
2284, 626, 628
628, 626, 411
1948, 1938, 2096
2285, 2191, 1991
2286, 1108, 628
2283, 1827, 2276
2096, 2038, 2037
2096, 2037, 2042
2287, 2191, 2285
2282, 2209, 2211
2281, 883, 874
2281, 645, 883
974, 2209, 2282
2112, 2205, 2281
2038, 2096, 2280
2211, 2288, 2282
2211, 2038, 2288
2288, 2038, 2280
2282, 2288, 2280
889, 2286, 628
974, 2282, 2107
1948, 2096, 2042
889, 888, 2286
2287, 1733, 2191
2110, 2279, 2114
1496, 1103, 1532
840, 575, 940
2289, 2285, 1991
939, 2114, 840
2283, 2281, 2290
2114, 2279, 337
2283, 2276, 645
2281, 2205, 2290
840, 940, 939
570, 1806, 837
220, 226, 221
2290, 2195, 2283
1991, 2291, 2289
2195, 1740, 1809
2292, 252, 494
968, 252, 2292
2292, 494, 2293
1809, 2283, 2195
2191, 1979, 1991
2293, 494, 495
968, 2292, 2294
1979, 1978, 1991
971, 968, 2294
2283, 1809, 1827
2295, 2293, 2262
2293, 2259, 2262
2259, 2258, 2262
1103, 853, 1827
972, 956, 967
2293, 2295, 2292
2295, 2294, 2292
2251, 2220, 2262
2205, 2195, 2290
2220, 2209, 970
2285, 2296, 967
2294, 970, 971
967, 2287, 2285
1532, 1103, 1827
1826, 1827, 1809
2294, 2220, 970
2186, 25, 2190
2286, 888, 1109
2295, 2220, 2294
25, 2186, 2183
2220, 2295, 2262
967, 2296, 972
2189, 2186, 2190
194, 191, 292
368, 1172, 94
1702, 1683, 1168
2164, 2297, 2106
1167, 1702, 1168
186, 182, 195
1167, 374, 1702
1168, 1683, 1165
292, 1986, 195
194, 292, 195
292, 290, 2002
308, 310, 365
2297, 2164, 2163
365, 310, 1166
2002, 2298, 1987
1820, 1821, 2163
310, 375, 1166
2002, 294, 2298
2163, 2164, 1820
375, 374, 1167
290, 294, 2002
1171, 365, 1166
1169, 1170, 368
2299, 2141, 2137
1169, 368, 365
2299, 2137, 2011
368, 1170, 1172
1918, 622, 626
2008, 1988, 2015
365, 1171, 1169
2015, 2010, 2008
1819, 1820, 2284
365, 368, 366
2011, 2137, 2009
2158, 626, 2284
1820, 2164, 2300
2011, 2009, 2008
2158, 1919, 1918
1166, 375, 1167
2164, 2158, 2300
1918, 626, 2158
308, 365, 313
1820, 2300, 2284
459, 482, 1283
2284, 2300, 2158
1709, 459, 1283
1283, 1285, 1173
818, 2301, 819
1231, 1233, 1818
1709, 1283, 1164
818, 2302, 2301
1283, 1173, 1164
346, 1742, 1745
2138, 346, 1745
346, 1825, 1742
2298, 2016, 1987
2138, 1745, 1744
2016, 2298, 2303
346, 1468, 1825
92, 1175, 90
346, 344, 343
1175, 1365, 105
105, 90, 1175
93, 368, 94
831, 2304, 834
833, 189, 1593
1739, 2138, 1744
1316, 1313, 1319
2130, 2305, 2138
1320, 1319, 1313
832, 833, 1593
2138, 1739, 1932
1316, 1319, 1318
2304, 189, 834
1307, 2306, 2307
833, 834, 189
2306, 1307, 2215
1590, 832, 1593
2246, 1307, 699
1316, 1318, 1323
295, 187, 189
1468, 346, 343
2304, 297, 189
919, 1309, 1323
1468, 1532, 1825
189, 162, 1593
346, 2138, 139
1323, 1306, 919
1317, 1316, 1323
346, 139, 349
1672, 1711, 2308
1309, 1317, 1323
2303, 2309, 2310
295, 189, 297
2303, 297, 2309
2309, 297, 2304
297, 2298, 294
1309, 1307, 2311
1711, 1712, 2308
1307, 2307, 2311
2215, 2241, 2306
2016, 2303, 2310
2246, 700, 2212
2310, 2312, 2016
2215, 2246, 2212
2308, 2313, 1672
2308, 1712, 2313
700, 2246, 698
2303, 2298, 297
2313, 2127, 1672
223, 1313, 1317
2309, 2304, 831
2306, 2241, 2239
2306, 2239, 2307
224, 2307, 2239
2311, 2307, 1309
224, 1309, 2307
224, 223, 1309
1317, 1309, 223
2246, 699, 698
2127, 2313, 2314
2314, 2133, 2127
1618, 2240, 2247
2315, 2316, 852
852, 1034, 2317
852, 2317, 2315
2314, 2318, 2132
2319, 2317, 2320
1034, 2320, 2317
2321, 2322, 2319
1038, 2321, 2320
2321, 2319, 2320
1035, 2320, 1034
1712, 2314, 2313
1038, 2320, 1035
1037, 2323, 2324
1037, 2324, 1036
2314, 2132, 2133
2325, 1634, 2247
2326, 2327, 2323
2328, 1712, 111
2329, 2330, 1634
1036, 2324, 2321
1036, 2321, 1038
2305, 2130, 2132
2245, 2234, 2039
2039, 2219, 2245
2132, 2318, 2305
2233, 256, 251
2258, 256, 2261
2138, 2305, 2331
2261, 256, 2233
2293, 495, 2259
2259, 495, 255
2251, 2258, 2249
171, 170, 2332
2333, 171, 2332
884, 2333, 641
884, 171, 2333
171, 884, 895
895, 917, 171
2332, 170, 1058
2332, 1058, 632
632, 641, 2333
632, 631, 641
2333, 2332, 632
2334, 1659, 1733
2142, 2335, 2143
2336, 2143, 2335
2334, 1959, 1659
2336, 2335, 2337
2338, 2339, 2335
2338, 2335, 2340
2334, 1088, 1959
2297, 2340, 2335
1086, 1959, 1088
2111, 2143, 2336
338, 106, 2337
955, 1088, 2334
841, 1959, 1086
2152, 2336, 106
2296, 976, 973
2336, 2337, 106
2336, 2152, 2111
972, 2296, 973
1030, 2335, 2341
2334, 1733, 2287
1030, 338, 2337
2287, 967, 955
339, 1030, 2341
955, 2334, 2287
2335, 1030, 2337
977, 976, 2296
117, 111, 1712
2296, 2285, 2289
2342, 2296, 2289
2328, 140, 2331
140, 139, 2331
2342, 977, 2296
2343, 977, 2342
2331, 139, 2138
2060, 2275, 1263
2277, 2275, 2344
2344, 2053, 2277
2060, 1263, 2024
2331, 2305, 2345
2318, 2314, 2345
2328, 2331, 2345
1712, 2328, 2345
111, 140, 2328
2314, 1712, 2345
2318, 2345, 2305
2053, 2344, 2060
1818, 1233, 1821
2344, 2275, 2060
340, 339, 2346
2341, 2346, 339
2341, 2339, 2346
2346, 341, 340
2346, 1233, 341
1059, 978, 2343
978, 977, 2343
2142, 2106, 2297
2343, 1077, 1059
2277, 2347, 2278
2342, 2289, 2291
2297, 2335, 2142
1233, 2346, 2339
2291, 2343, 2342
1991, 2347, 2291
2291, 2053, 2343
1991, 2278, 2347
2291, 2347, 2053
2277, 2053, 2347
2341, 2335, 2339
1077, 2343, 2053
2297, 1233, 2340
316, 684, 577
2297, 2163, 1233
684, 318, 1378
2338, 2340, 1233
2338, 1233, 2339
683, 576, 684
684, 576, 577
458, 684, 1378
1217, 925, 1210
575, 576, 683
2348, 392, 1210
940, 575, 683
684, 316, 318
1791, 1797, 134
134, 1797, 1798
1107, 2284, 1108
1107, 1819, 2284
1109, 1108, 2286
53, 52, 54
52, 51, 2349
2350, 2351, 52
2315, 2322, 2316
1532, 1827, 1825
1791, 342, 1380
342, 1791, 134
134, 1798, 132
601, 1379, 342
2223, 2244, 2224
1423, 1422, 2352
1422, 1458, 2352
1688, 1423, 2352
2325, 1037, 1634
868, 1634, 1037
1210, 392, 1217
85, 1562, 2353
87, 1679, 1615
1426, 1423, 1688
1603, 1615, 1679
1603, 11, 1615
27, 2354, 14
1614, 11, 1208
1458, 1454, 1457
85, 1614, 1208
1614, 87, 1615
87, 1614, 85
14, 1457, 1456
85, 1208, 1562
1456, 1439, 14
14, 1439, 1326
1335, 14, 1326
1222, 2355, 912
2354, 1458, 14
908, 2355, 389
908, 912, 2355
1457, 14, 1458
389, 388, 908
1462, 1464, 1465
1491, 1462, 1465
13, 27, 14
20, 11, 14
1465, 108, 1905
1335, 20, 14
106, 108, 1465
106, 1465, 109
2356, 205, 101
2356, 197, 205
1889, 1917, 1222
392, 2348, 388
2357, 197, 2358
2358, 197, 2356
2357, 2358, 1688
2357, 1688, 2352
2353, 1217, 392
2357, 2352, 2359
85, 2353, 86
2359, 197, 2357
197, 196, 205
392, 86, 2353
2353, 1562, 1217
166, 197, 2360
86, 392, 725
2359, 166, 2360
1678, 87, 110
110, 1039, 1678
166, 2359, 159
197, 2359, 2360
1222, 1917, 2355
161, 159, 2359
1458, 2361, 2352
1458, 2354, 2361
2352, 2361, 2359
388, 2348, 1210
387, 389, 2362
2362, 2135, 387
2355, 2362, 389
2359, 2363, 161
2136, 2135, 2362
22, 161, 2363
2355, 1917, 2136
2361, 2363, 2359
27, 2361, 2354
2361, 27, 2363
2355, 2136, 2362
22, 2363, 27
1453, 109, 1465
876, 2102, 2364
2323, 1037, 2326
2325, 2326, 1037
1633, 2329, 1634
2358, 2356, 100
2329, 1633, 2365
2326, 2325, 2327
2330, 2247, 1634
1635, 2366, 1633
2247, 2327, 2325
2324, 2323, 2367
2356, 101, 100
100, 1688, 2358
2329, 2365, 2368
2329, 2368, 2330
2364, 2102, 2105
233, 2369, 70
2247, 2240, 2327
233, 407, 2369
75, 71, 2370
70, 2364, 2370
70, 2370, 71
2240, 2244, 2327
2369, 407, 876
70, 2369, 2364
2228, 2322, 2371
2369, 876, 2364
2317, 2319, 2322
75, 2364, 2372
2322, 2228, 2227
2370, 2364, 75
2109, 2364, 2105
2301, 2373, 2374
2375, 2321, 2376
2309, 830, 2374
831, 830, 2309
2322, 2321, 2371
830, 819, 2301
830, 2301, 2374
2317, 2322, 2315
2321, 2324, 2367
2367, 2323, 2327
2367, 2376, 2321
2375, 2371, 2321
2377, 2375, 2376
2377, 2376, 2367
2244, 2377, 2367
2244, 2367, 2327
2377, 2244, 2223
2375, 2228, 2371
2375, 2377, 2228
2378, 817, 2379
2377, 2222, 2228
817, 829, 2379
817, 2378, 818
2222, 2377, 2223
2302, 818, 2378
59, 52, 2351
828, 2379, 829
828, 2190, 2379
2351, 2350, 2322
54, 52, 59
2351, 2322, 2227
2351, 2380, 55
55, 59, 2351
2381, 2302, 2382
2230, 2351, 2227
2302, 2378, 2382
2351, 2230, 2380
2382, 2378, 2383
2384, 2385, 1635
2378, 2379, 2383
25, 2383, 2379
2190, 25, 2379
2365, 1633, 2366
2385, 2366, 1635
1877, 2007, 1635
2007, 2384, 1635
25, 2299, 2383
1829, 1830, 2386
2382, 2383, 2299
2382, 2299, 2011
2386, 2006, 1829
2385, 2384, 2386
2299, 21, 2141
2386, 1830, 2385
2299, 25, 21
2248, 1830, 1828
2248, 2247, 2330
2386, 2384, 2007
2386, 2007, 2006
2312, 2381, 2382
2312, 2373, 2381
1830, 2248, 2368
2382, 2011, 2312
2365, 1830, 2368
2365, 2366, 1830
2381, 2373, 2301
2309, 2374, 2310
2385, 1830, 2366
2016, 2312, 2015
1828, 1618, 2248
2248, 2330, 2368
2310, 2373, 2312
2010, 2015, 2312
99, 98, 2387
2010, 2312, 2011
2310, 2374, 2373
2302, 2381, 2301
2109, 1707, 2372
2387, 1705, 1686
1704, 1705, 2387
2151, 2388, 2162
2387, 1686, 99
2162, 2388, 1596
2388, 2150, 1596
2151, 2150, 2388
2364, 2109, 2372
226, 225, 2389
1706, 2372, 1707
2150, 2390, 1596
1704, 98, 72
75, 2372, 1704
2150, 1977, 2390
1704, 2372, 1706
2026, 2025, 2389
75, 1704, 72
2026, 1596, 2390
2390, 1977, 2021
2021, 2026, 2390
2387, 98, 1704
2389, 2208, 226
2208, 2389, 2025
2026, 2389, 225
31, 29, 55
1801, 32, 28
2204, 1802, 31
1802, 28, 31
31, 55, 2380
31, 2380, 2230
1801, 28, 1802
836, 16, 2185
836, 2185, 824
839, 2391, 836
836, 50, 16
25, 2184, 15
2185, 15, 2184
2185, 16, 15
50, 836, 2391
50, 49, 16
848, 852, 2350
2392, 2322, 2393
2316, 2322, 2392
2393, 2350, 852
2392, 2393, 852
852, 2316, 2392
839, 2349, 2391
839, 848, 52
839, 52, 2349
848, 2350, 52
50, 2391, 48
2349, 51, 2391
48, 2391, 51
2393, 2322, 2350
